  -0.0000000e+00	
  -7.5311296e-13	
  -1.4582118e-12	
  -2.1181215e-12	
  -2.7355021e-12	
  -3.3128581e-12	
  -3.8525478e-12	
  -4.3567915e-12	
  -4.8276799e-12	
  -5.2671815e-12	
  -5.6771498e-12	
  -6.0593298e-12	
  -6.4153646e-12	
  -6.7468014e-12	
  -7.0550967e-12	
  -7.3416220e-12	
  -7.6076687e-12	
  -7.8544524e-12	
  -8.0831180e-12	
  -8.2947431e-12	
  -8.4903424e-12	
  -8.6708714e-12	
  -8.8372296e-12	
  -8.9902637e-12	
  -9.1307712e-12	
  -9.2595026e-12	
  -9.3771648e-12	
  -9.4844230e-12	
  -9.5819036e-12	
  -9.6701965e-12	
  -9.7498568e-12	
  -9.8214073e-12	
  -9.8853398e-12	
  -9.9421178e-12	
  -9.9921773e-12	
  -1.0035929e-11	
  -1.0073759e-11	
  -1.0106031e-11	
  -1.0133089e-11	
  -1.0155253e-11	
  -1.0172828e-11	
  -1.0186099e-11	
  -1.0195335e-11	
  -1.0200790e-11	
  -1.0202701e-11	
  -1.0201293e-11	
  -1.0196776e-11	
  -1.0189349e-11	
  -1.0179200e-11	
  -1.0166504e-11	
  -1.0151426e-11	
  -1.0134123e-11	
  -1.0114741e-11	
  -1.0093419e-11	
  -1.0070285e-11	
  -1.0045462e-11	
  -1.0019065e-11	
  -9.9912015e-12	
  -9.9619743e-12	
  -9.9314787e-12	
  -9.8998046e-12	
  -9.8670367e-12	
  -9.8332548e-12	
  -9.7985337e-12	
  -9.7629438e-12	
  -9.7265516e-12	
  -9.6894192e-12	
  -9.6516052e-12	
  -9.6131649e-12	
  -9.5741498e-12	
  -9.5346089e-12	
  -9.4945877e-12	
  -9.4541293e-12	
  -9.4132741e-12	
  -9.3720602e-12	
  -9.3305231e-12	
  -9.2886965e-12	
  -9.2466117e-12	
  -9.2042984e-12	
  -9.1617843e-12	
  -9.1190954e-12	
  -9.0762564e-12	
  -9.0332900e-12	
  -8.9902179e-12	
  -8.9470602e-12	
  -8.9038360e-12	
  -8.8605629e-12	
  -8.8172577e-12	
  -8.7739359e-12	
  -8.7306123e-12	
  -8.6873004e-12	
  -8.6440132e-12	
  -8.6007626e-12	
  -8.5575598e-12	
  -8.5144155e-12	
  -8.4713393e-12	
  -8.4283405e-12	
  -8.3854276e-12	
  -8.3426086e-12	
  -8.2998911e-12	
  -8.2572819e-12	
  -8.2147875e-12	
  -8.1724140e-12	
  -8.1301670e-12	
  -8.0880517e-12	
  -8.0460730e-12	
  -8.0042353e-12	
  -7.9625428e-12	
  -7.9209994e-12	
  -7.8796086e-12	
  -7.8383738e-12	
  -7.7972979e-12	
  -7.7563837e-12	
  -7.7156339e-12	
  -7.6750507e-12	
  -7.6346364e-12	
  -7.5943928e-12	
  -7.5543217e-12	
  -7.5144249e-12	
  -7.4747036e-12	
  -7.4351593e-12	
  -7.3957931e-12	
  -7.3566060e-12	
  -7.3175990e-12	
  -7.2787728e-12	
  -7.2401283e-12	
  -7.2016658e-12	
  -7.1633860e-12	
  -7.1252893e-12	
  -7.0873760e-12	
  -7.0496464e-12	
  -7.0121005e-12	
  -6.9747386e-12	
  -6.9375607e-12	
  -6.9005667e-12	
  -6.8637566e-12	
  -6.8271302e-12	
  -6.7906874e-12	
  -6.7544280e-12	
  -6.7183516e-12	
  -6.6824581e-12	
  -6.6467470e-12	
  -6.6112179e-12	
  -6.5758705e-12	
  -6.5407042e-12	
  -6.5057187e-12	
  -6.4709135e-12	
  -6.4362879e-12	
  -6.4018415e-12	
  -6.3675737e-12	
  -6.3334839e-12	
  -6.2995714e-12	
  -6.2658358e-12	
  -6.2322763e-12	
  -6.1988922e-12	
  -6.1656830e-12	
  -6.1326479e-12	
  -6.0997862e-12	
  -6.0670973e-12	
  -6.0345804e-12	
  -6.0022348e-12	
  -5.9700597e-12	
  -5.9380545e-12	
  -5.9062184e-12	
  -5.8745507e-12	
  -5.8430505e-12	
  -5.8117172e-12	
  -5.7805499e-12	
  -5.7495480e-12	
  -5.7187106e-12	
  -5.6880369e-12	
  -5.6575263e-12	
  -5.6271778e-12	
  -5.5969908e-12	
  -5.5669645e-12	
  -5.5370980e-12	
  -5.5073906e-12	
  -5.4778416e-12	
  -5.4484501e-12	
  -5.4192153e-12	
  -5.3901365e-12	
  -5.3612129e-12	
  -5.3324437e-12	
  -5.3038282e-12	
  -5.2753655e-12	
  -5.2470548e-12	
  -5.2188955e-12	
  -5.1908868e-12	
  -5.1630278e-12	
  -5.1353178e-12	
  -5.1077560e-12	
  -5.0803417e-12	
  -5.0530741e-12	
  -5.0259524e-12	
  -4.9989759e-12	
  -4.9721439e-12	
  -4.9454555e-12	
  -4.9189101e-12	
  -4.8925069e-12	
  -4.8662451e-12	
  -4.8401239e-12	
  -4.8141428e-12	
  -4.7883009e-12	
  -4.7625975e-12	
  -4.7370318e-12	
  -4.7116032e-12	
  -4.6863109e-12	
  -4.6611541e-12	
  -4.6361323e-12	
  -4.6112446e-12	
  -4.5864904e-12	
  -4.5618690e-12	
  -4.5373795e-12	
  -4.5130215e-12	
  -4.4887940e-12	
  -4.4646965e-12	
  -4.4407283e-12	
  -4.4168887e-12	
  -4.3931769e-12	
  -4.3695924e-12	
  -4.3461344e-12	
  -4.3228022e-12	
  -4.2995953e-12	
  -4.2765128e-12	
  -4.2535542e-12	
  -4.2307188e-12	
  -4.2080060e-12	
  -4.1854150e-12	
  -4.1629452e-12	
  -4.1405961e-12	
  -4.1183668e-12	
  -4.0962569e-12	
  -4.0742657e-12	
  -4.0523924e-12	
  -4.0306366e-12	
  -4.0089975e-12	
  -3.9874746e-12	
  -3.9660671e-12	
  -3.9447746e-12	
  -3.9235964e-12	
  -3.9025318e-12	
  -3.8815804e-12	
  -3.8607413e-12	
  -3.8400142e-12	
  -3.8193983e-12	
  -3.7988930e-12	
  -3.7784978e-12	
  -3.7582122e-12	
  -3.7380353e-12	
  -3.7179669e-12	
  -3.6980061e-12	
  -3.6781525e-12	
  -3.6584054e-12	
  -3.6387644e-12	
  -3.6192288e-12	
  -3.5997981e-12	
  -3.5804717e-12	
  -3.5612490e-12	
  -3.5421296e-12	
  -3.5231127e-12	
  -3.5041980e-12	
  -3.4853848e-12	
  -3.4666726e-12	
  -3.4480609e-12	
  -3.4295490e-12	
  -3.4111366e-12	
  -3.3928230e-12	
  -3.3746077e-12	
  -3.3564902e-12	
  -3.3384700e-12	
  -3.3205465e-12	
  -3.3027192e-12	
  -3.2849877e-12	
  -3.2673513e-12	
  -3.2498096e-12	
  -3.2323621e-12	
  -3.2150083e-12	
  -3.1977476e-12	
  -3.1805796e-12	
  -3.1635038e-12	
  -3.1465196e-12	
  -3.1296266e-12	
  -3.1128244e-12	
  -3.0961123e-12	
  -3.0794899e-12	
  -3.0629568e-12	
  -3.0465124e-12	
  -3.0301564e-12	
  -3.0138881e-12	
  -2.9977072e-12	
  -2.9816131e-12	
  -2.9656055e-12	
  -2.9496838e-12	
  -2.9338476e-12	
  -2.9180964e-12	
  -2.9024297e-12	
  -2.8868472e-12	
  -2.8713483e-12	
  -2.8559326e-12	
  -2.8405997e-12	
  -2.8253492e-12	
  -2.8101804e-12	
  -2.7950932e-12	
  -2.7800869e-12	
  -2.7651612e-12	
  -2.7503156e-12	
  -2.7355498e-12	
  -2.7208632e-12	
  -2.7062554e-12	
  -2.6917261e-12	
  -2.6772748e-12	
  -2.6629011e-12	
  -2.6486045e-12	
  -2.6343847e-12	
  -2.6202412e-12	
  -2.6061737e-12	
  -2.5921817e-12	
  -2.5782648e-12	
  -2.5644226e-12	
  -2.5506548e-12	
  -2.5369608e-12	
  -2.5233404e-12	
  -2.5097931e-12	
  -2.4963186e-12	
  -2.4829164e-12	
  -2.4695861e-12	
  -2.4563274e-12	
  -2.4431399e-12	
  -2.4300232e-12	
  -2.4169769e-12	
  -2.4040006e-12	
  -2.3910940e-12	
  -2.3782568e-12	
  -2.3654884e-12	
  -2.3527886e-12	
  -2.3401569e-12	
  -2.3275931e-12	
  -2.3150967e-12	
  -2.3026675e-12	
  -2.2903049e-12	
  -2.2780088e-12	
  -2.2657786e-12	
  -2.2536141e-12	
  -2.2415149e-12	
  -2.2294807e-12	
  -2.2175111e-12	
  -2.2056057e-12	
  -2.1937643e-12	
  -2.1819864e-12	
  -2.1702718e-12	
  -2.1586200e-12	
  -2.1470308e-12	
  -2.1355039e-12	
  -2.1240388e-12	
  -2.1126353e-12	
  -2.1012930e-12	
  -2.0900115e-12	
  -2.0787907e-12	
  -2.0676301e-12	
  -2.0565294e-12	
  -2.0454883e-12	
  -2.0345065e-12	
  -2.0235837e-12	
  -2.0127195e-12	
  -2.0019136e-12	
  -1.9911657e-12	
  -1.9804756e-12	
  -1.9698428e-12	
  -1.9592671e-12	
  -1.9487482e-12	
  -1.9382858e-12	
  -1.9278796e-12	
  -1.9175292e-12	
  -1.9072344e-12	
  -1.8969948e-12	
  -1.8868102e-12	
  -1.8766803e-12	
  -1.8666048e-12	
  -1.8565834e-12	
  -1.8466158e-12	
  -1.8367017e-12	
  -1.8268408e-12	
  -1.8170329e-12	
  -1.8072776e-12	
  -1.7975747e-12	
  -1.7879239e-12	
  -1.7783249e-12	
  -1.7687775e-12	
  -1.7592812e-12	
  -1.7498360e-12	
  -1.7404415e-12	
  -1.7310974e-12	
  -1.7218035e-12	
  -1.7125595e-12	
  -1.7033652e-12	
  -1.6942201e-12	
  -1.6851242e-12	
  -1.6760771e-12	
  -1.6670786e-12	
  -1.6581284e-12	
  -1.6492263e-12	
  -1.6403719e-12	
  -1.6315651e-12	
  -1.6228056e-12	
  -1.6140931e-12	
  -1.6054273e-12	
  -1.5968081e-12	
  -1.5882352e-12	
  -1.5797083e-12	
  -1.5712271e-12	
  -1.5627915e-12	
  -1.5544012e-12	
  -1.5460560e-12	
  -1.5377555e-12	
  -1.5294996e-12	
  -1.5212881e-12	
  -1.5131206e-12	
  -1.5049969e-12	
  -1.4969169e-12	
  -1.4888803e-12	
  -1.4808868e-12	
  -1.4729362e-12	
  -1.4650283e-12	
  -1.4571629e-12	
  -1.4493397e-12	
  -1.4415585e-12	
  -1.4338191e-12	
  -1.4261212e-12	
  -1.4184646e-12	
  -1.4108492e-12	
  -1.4032746e-12	
  -1.3957407e-12	
  -1.3882473e-12	
  -1.3807941e-12	
  -1.3733809e-12	
  -1.3660075e-12	
