NaN
0.0668
0.2459
0.4263
0.05875
0.19645
0.2639
0.7227
0.058
0.16915
0.0618
0.0672
0.26595
0.1964
0.0739
0.0612
0.0069
0.09955
0.049
0.1316
0.0723
0.13755
0.24195
0.2809
0.0026
0.06025
0.01055
0.20045
0.05615
0.3208
0.6333
0.0056
0.8899
0.2271
0.04185
0.0773
0.01195
0.0716
0.08735
0.0339
0.2789
0.08125
0.28535
0.07305
0.15425
0.20815
0.05255
0.0126
0.07705
0.10685
0.10075
0.11475
0.32575
0.31425
0.565
0.2243
NaN
0.0709
0.21915
0.1259
0.31905
0.1611
0.0403
0.04865
0.1082
0.02355
0.03865
0.1697
0.3428
0.13285
0.0753
0.19685
0.15645
0.11065
0.3662
0.0882
0.0533
0.2589
0.01385
0.0464
0.1427
0.31365
0.096
0.47745
0.09875
0.69855
0.20005
0.2441
0.01645
0.0767
0.07865
0.42655
0.2074
0.3158
0.0875
0.42235
0.11115
0.0159
0.33765
0.0311
0.12045
0.1263
0.10645
0.2078
0.17225
0.46575
0.05545
0.57535
0.0628
0.322
NaN
0.09445
0.1007
0.1391
0.06475
0.1661
0.12265
0.16785
0.10745
0.01465
0.17265
0.0575
0.0778
0.80865
0.25015
0.2159
0.2374
0.14115
0.02975
0.3005
0.0455
1.0169
0.10415
0.5584
0.0016
0.048
0.10545
0.2914
0.5924
0.2695
0.1472
0.6547
0.1727
0.5722
0.13895
0.46705
0.7587
NaN
0.03505
