3.0243e-11
2.9758e-11
9.8123e-11
8.6361e-11
3.2273e-11
4.1128e-11
3.2854e-11
2.6561e-11
3.9673e-11
2.4949e-11
2.7785e-11
2.3469e-11
4.2975e-11
4.4706e-11
1.659e-11
3.2534e-11
2.2019e-11
4.1369e-11
4.9992e-11
4.3194e-11
3.8338e-11
3.4036e-11
2.8013e-11
3.4488e-11
2.1422e-11
8.4155e-11
3.1899e-11
2.6296e-11
1.4915e-11
1.72e-10
1.6218e-11
2.5951e-11
2.9311e-11
3.9067e-11
8.2852e-11
1.9066e-11
4.1254e-11
4.6086e-11
3.3795e-11
4.6059e-11
3.7348e-11
2.3839e-11
4.5263e-11
3.238e-11
2.9726e-11
3.818e-11
4.3135e-11
5.1637e-11
3.3155e-11
9.8396e-11
1.8353e-11
2.7488e-11
6.9245e-11
2.8953e-11
1.0676e-10
2.3511e-11
4.3663e-11
2.8194e-11
5.076e-11
4.363e-11
4.3941e-11
3.4592e-11
3.6064e-11
2.2862e-11
2.0213e-11
3.2173e-11
3.7423e-11
6.836e-11
1.0967e-10
1.5946e-11
1.8098e-11
3.2379e-11
1.1468e-10
2.4564e-11
2.5213e-11
3.0678e-11
2.2608e-11
3.7591e-11
1.5651e-11
1.0254e-10
4.6977e-11
2.5318e-11
3.8928e-11
4.1663e-11
1.2285e-10
7.3121e-11
4.4941e-11
2.9437e-11
1.7911e-11
1.6905e-11
3.4353e-11
1.4813e-10
5.0679e-11
2.5593e-11
1.7212e-11
3.7923e-11
3.4326e-11
3.2671e-11
3.8658e-11
8.2337e-11
7.3927e-11
7.9844e-11
2.2105e-11
8.9863e-11
4.2225e-11
4.9542e-11
1.7172e-11
4.1755e-11
3.705e-11
3.3461e-11
3.8836e-11
6.1129e-11
3.6372e-11
3.0093e-11
2.6138e-11
6.2336e-11
2.0819e-11
3.6565e-11
2.6768e-11
1.094e-10
4.2033e-11
1.7316e-11
1.0827e-10
2.8931e-11
4.474e-11
4.1548e-11
2.0038e-11
2.227e-11
3.9085e-11
2.4939e-11
1.8891e-11
1.8971e-11
3.7612e-11
3.5423e-11
2.3739e-11
1.9332e-11
2.687e-11
1.7693e-11
1.8175e-11
4.1767e-11
2.6267e-11
3.1589e-11
3.5593e-11
4.1797e-11
3.0832e-11
2.4512e-11
2.996e-11
5.109e-11
2.3531e-11
