   0.0000000e+00	   5.9244504e-13	
   5.0000000e-05	   5.4601541e-13	
   1.0000000e-04	   6.6483939e-13	
   1.5000000e-04	   1.0558910e-12	
   2.0000000e-04	   1.1395456e-12	
   2.5000000e-04	   7.1400936e-13	
   3.0000000e-04	   2.7283980e-13	
   3.5000000e-04	   4.2053958e-13	
   4.0000000e-04	   4.0497244e-13	
   4.5000000e-04	   3.0350809e-13	
   5.0000000e-04	   3.0937861e-13	
   5.5000000e-04	   4.7607599e-13	
   6.0000000e-04	   7.4526713e-13	
   6.5000000e-04	   1.2599681e-12	
   7.0000000e-04	   1.1693077e-12	
   7.5000000e-04	   1.4129388e-12	
   8.0000000e-04	   1.1678628e-12	
   8.5000000e-04	   7.8112220e-13	
   9.0000000e-04	   4.9486386e-13	
   9.5000000e-04	   1.2031435e-13	
   1.0000000e-03	  -2.8008303e-14	
   1.0500000e-03	   4.5755253e-13	
   1.1000000e-03	   3.3613845e-13	
   1.1500000e-03	   3.2287779e-13	
   1.2000000e-03	   4.1717510e-13	
   1.2500000e-03	   5.6859682e-13	
   1.3000000e-03	  -1.0071739e-13	
   1.3500000e-03	   2.9290676e-13	
   1.4000000e-03	   6.7177514e-13	
   1.4500000e-03	   1.6145676e-13	
   1.5000000e-03	   2.7582624e-13	
   1.5500000e-03	   7.9745889e-14	
   1.6000000e-03	   7.8107226e-14	
   1.6500000e-03	  -1.4188737e-14	
   1.7000000e-03	   1.1879552e-13	
   1.7500000e-03	   1.5836724e-14	
   1.8000000e-03	  -5.0415976e-13	
   1.8500000e-03	  -1.0637114e-12	
   1.9000000e-03	  -1.1095491e-12	
   1.9500000e-03	  -5.9576557e-13	
   2.0000000e-03	  -2.7216959e-13	
   2.0500000e-03	  -1.0823021e-14	
   2.1000000e-03	  -4.4069224e-13	
   2.1500000e-03	  -6.9330623e-13	
   2.2000000e-03	  -9.8875758e-13	
   2.2500000e-03	  -5.5230392e-13	
   2.3000000e-03	  -6.9131398e-13	
   2.3500000e-03	  -7.0773248e-14	
   2.4000000e-03	   3.7936418e-13	
   2.4500000e-03	   2.8554753e-13	
   2.5000000e-03	   2.3463176e-13	
   2.5500000e-03	  -4.1178481e-13	
   2.6000000e-03	  -6.0661355e-13	
   2.6500000e-03	  -3.7820845e-13	
   2.7000000e-03	  -2.6092084e-13	
   2.7500000e-03	  -2.9258974e-13	
   2.8000000e-03	  -1.2167418e-12	
   2.8500000e-03	  -5.7452263e-13	
   2.9000000e-03	  -7.1162472e-13	
   2.9500000e-03	  -5.7230512e-13	
   3.0000000e-03	  -6.3050368e-13	
   3.0500000e-03	  -7.8128251e-13	
   3.1000000e-03	  -5.9290333e-13	
   3.1500000e-03	  -3.9788745e-13	
   3.2000000e-03	  -2.9298352e-13	
   3.2500000e-03	  -3.1647428e-13	
   3.3000000e-03	  -4.8849420e-13	
   3.3500000e-03	  -5.7741865e-13	
   3.4000000e-03	  -3.3666819e-13	
   3.4500000e-03	  -1.4389531e-15	
   3.5000000e-03	   8.6197442e-13	
   3.5500000e-03	   6.3391913e-13	
   3.6000000e-03	   2.5144333e-13	
   3.6500000e-03	   2.9758802e-13	
   3.7000000e-03	   6.0506613e-14	
   3.7500000e-03	  -4.9581866e-14	
   3.8000000e-03	  -2.0151093e-13	
   3.8500000e-03	  -2.6028629e-13	
   3.9000000e-03	  -3.8572880e-13	
   3.9500000e-03	  -5.7830139e-13	
   4.0000000e-03	  -5.0719303e-13	
   4.0500000e-03	  -7.1266222e-13	
   4.1000000e-03	  -8.1203219e-13	
   4.1500000e-03	  -8.3376134e-13	
   4.2000000e-03	  -3.7642312e-13	
   4.2500000e-03	  -2.9053236e-13	
   4.3000000e-03	  -1.6056789e-13	
   4.3500000e-03	  -1.1885946e-14	
   4.4000000e-03	   8.7552578e-14	
   4.4500000e-03	  -6.2175959e-14	
   4.5000000e-03	   1.5983653e-13	
   4.5500000e-03	   3.6074334e-13	
   4.6000000e-03	   4.2857189e-13	
   4.6500000e-03	   9.8083954e-13	
   4.7000000e-03	   5.0666475e-13	
   4.7500000e-03	   7.7843114e-14	
   4.8000000e-03	   2.4359418e-13	
   4.8500000e-03	   2.2306918e-13	
   4.9000000e-03	   1.8548376e-13	
   4.9500000e-03	  -2.2994071e-14	
   5.0000000e-03	  -8.0013730e-13	
   5.0500000e-03	  -4.6689714e-13	
   5.1000000e-03	  -3.9077042e-13	
   5.1500000e-03	  -4.1929947e-13	
   5.2000000e-03	  -4.4017166e-13	
   5.2500000e-03	  -5.8484511e-13	
   5.3000000e-03	  -1.1783799e-12	
   5.3500000e-03	  -8.0348776e-13	
   5.4000000e-03	  -2.8412543e-13	
   5.4500000e-03	  -5.1646513e-14	
   5.5000000e-03	   3.1665404e-13	
   5.5500000e-03	   6.4911292e-13	
   5.6000000e-03	   7.7179734e-13	
   5.6500000e-03	   1.1151754e-12	
   5.7000000e-03	   1.4929746e-12	
   5.7500000e-03	   1.2146423e-12	
   5.8000000e-03	   8.7315365e-13	
   5.8500000e-03	   4.4187126e-13	
   5.9000000e-03	   1.9137589e-13	
   5.9500000e-03	  -6.9662863e-14	
   6.0000000e-03	  -3.0367259e-13	
   6.0500000e-03	   1.9875291e-13	
   6.1000000e-03	   3.0450729e-13	
   6.1500000e-03	   9.0059600e-13	
   6.2000000e-03	   6.6418247e-13	
   6.2500000e-03	   7.3110775e-13	
   6.3000000e-03	   1.1020308e-13	
   6.3500000e-03	   2.9577496e-13	
   6.4000000e-03	   3.3443083e-13	
   6.4500000e-03	   4.3860098e-13	
   6.5000000e-03	   4.3072501e-13	
   6.5500000e-03	   1.3707563e-13	
   6.6000000e-03	  -1.4442072e-13	
   6.6500000e-03	   6.4917689e-14	
   6.7000000e-03	   2.8377149e-13	
   6.7500000e-03	   4.4908023e-13	
   6.8000000e-03	   6.2564255e-13	
   6.8500000e-03	   6.7105327e-13	
   6.9000000e-03	  -8.1669047e-14	
   6.9500000e-03	  -2.7934296e-13	
   7.0000000e-03	  -7.3876896e-13	
   7.0500000e-03	  -1.3543876e-12	
   7.1000000e-03	  -1.3393656e-12	
   7.1500000e-03	  -9.5406192e-13	
   7.2000000e-03	  -7.1090443e-13	
   7.2500000e-03	  -9.9491726e-13	
   7.3000000e-03	  -7.6650882e-13	
   7.3500000e-03	  -9.7617650e-13	
   7.4000000e-03	  -1.0194207e-12	
   7.4500000e-03	  -1.7296191e-13	
   7.5000000e-03	  -6.8593709e-13	
   7.5500000e-03	  -1.0090644e-12	
   7.6000000e-03	  -1.0624084e-12	
   7.6500000e-03	  -4.6557246e-13	
   7.7000000e-03	  -8.7910777e-13	
   7.7500000e-03	  -6.5881740e-13	
   7.8000000e-03	   9.8763662e-14	
   7.8500000e-03	  -1.0452636e-13	
   7.9000000e-03	  -1.1566204e-13	
   7.9500000e-03	  -4.2155353e-13	
   8.0000000e-03	  -2.4766127e-13	
   8.0500000e-03	  -4.8123116e-13	
   8.1000000e-03	  -1.0168643e-12	
   8.1500000e-03	  -8.2835518e-13	
   8.2000000e-03	  -5.1610040e-13	
   8.2500000e-03	  -1.0077347e-12	
   8.3000000e-03	  -1.0525738e-12	
   8.3500000e-03	  -7.7268899e-13	
   8.4000000e-03	  -3.7663481e-13	
   8.4500000e-03	  -5.3796979e-13	
   8.5000000e-03	  -7.4115497e-13	
   8.5500000e-03	  -5.5224076e-13	
   8.6000000e-03	  -6.0654758e-13	
   8.6500000e-03	  -3.5126763e-13	
   8.7000000e-03	  -7.7056865e-13	
   8.7500000e-03	  -4.2063244e-13	
   8.8000000e-03	  -2.3415666e-13	
   8.8500000e-03	  -3.6637707e-13	
   8.9000000e-03	  -4.0853962e-13	
   8.9500000e-03	  -5.1931029e-13	
   9.0000000e-03	  -3.9466659e-13	
   9.0500000e-03	  -5.6216208e-13	
   9.1000000e-03	  -8.0376244e-14	
   9.1500000e-03	   5.5519174e-14	
   9.2000000e-03	  -1.8105699e-13	
   9.2500000e-03	   3.3942792e-13	
   9.3000000e-03	  -7.0619075e-14	
   9.3500000e-03	  -3.7384137e-13	
   9.4000000e-03	  -5.8535403e-13	
   9.4500000e-03	  -6.1461036e-13	
   9.5000000e-03	  -5.9640861e-13	
   9.5500000e-03	  -5.7095995e-13	
   9.6000000e-03	  -7.0640434e-13	
   9.6500000e-03	  -1.3099758e-12	
   9.7000000e-03	  -1.7858341e-12	
   9.7500000e-03	  -2.0785409e-12	
   9.8000000e-03	  -2.5209395e-12	
   9.8500000e-03	  -3.2661706e-12	
   9.9000000e-03	  -4.3852352e-12	
   9.9500000e-03	  -5.3797056e-12	
   1.0000000e-02	  -6.3081344e-12	
   1.0050000e-02	  -7.4376424e-12	
   1.0100000e-02	  -8.1514077e-12	
   1.0150000e-02	  -9.1036540e-12	
   1.0200000e-02	  -1.0681008e-11	
   1.0250000e-02	  -1.2283340e-11	
   1.0300000e-02	  -1.4031440e-11	
   1.0350000e-02	  -1.6229893e-11	
   1.0400000e-02	  -1.8563271e-11	
   1.0450000e-02	  -2.0612442e-11	
   1.0500000e-02	  -2.2099220e-11	
   1.0550000e-02	  -2.4173450e-11	
   1.0600000e-02	  -2.5180528e-11	
   1.0650000e-02	  -2.6167738e-11	
   1.0700000e-02	  -2.6590994e-11	
   1.0750000e-02	  -2.6468551e-11	
   1.0800000e-02	  -2.7827394e-11	
   1.0850000e-02	  -2.7921437e-11	
   1.0900000e-02	  -2.7709365e-11	
   1.0950000e-02	  -2.7760396e-11	
   1.1000000e-02	  -2.7492832e-11	
   1.1050000e-02	  -2.6657561e-11	
   1.1100000e-02	  -2.6199537e-11	
   1.1150000e-02	  -2.6843269e-11	
   1.1200000e-02	  -2.7133363e-11	
   1.1250000e-02	  -2.6718799e-11	
   1.1300000e-02	  -2.6763325e-11	
   1.1350000e-02	  -2.6314884e-11	
   1.1400000e-02	  -2.6246906e-11	
   1.1450000e-02	  -2.5708336e-11	
   1.1500000e-02	  -2.5254069e-11	
   1.1550000e-02	  -2.5522919e-11	
   1.1600000e-02	  -2.4830349e-11	
   1.1650000e-02	  -2.4875975e-11	
   1.1700000e-02	  -2.4273253e-11	
   1.1750000e-02	  -2.3068515e-11	
   1.1800000e-02	  -2.3513457e-11	
   1.1850000e-02	  -2.3020959e-11	
   1.1900000e-02	  -2.3145948e-11	
   1.1950000e-02	  -2.2116981e-11	
   1.2000000e-02	  -2.2284631e-11	
   1.2050000e-02	  -2.2142109e-11	
   1.2100000e-02	  -2.1722638e-11	
   1.2150000e-02	  -2.0858296e-11	
   1.2200000e-02	  -2.0051752e-11	
   1.2250000e-02	  -1.9535535e-11	
   1.2300000e-02	  -1.9423958e-11	
   1.2350000e-02	  -1.9232274e-11	
   1.2400000e-02	  -1.9140672e-11	
   1.2450000e-02	  -1.8940057e-11	
   1.2500000e-02	  -1.8976667e-11	
   1.2550000e-02	  -1.8673341e-11	
   1.2600000e-02	  -1.8169673e-11	
   1.2650000e-02	  -1.7546117e-11	
   1.2700000e-02	  -1.7378573e-11	
   1.2750000e-02	  -1.7573932e-11	
   1.2800000e-02	  -1.7125759e-11	
   1.2850000e-02	  -1.7029688e-11	
   1.2900000e-02	  -1.7082881e-11	
   1.2950000e-02	  -1.6864919e-11	
   1.3000000e-02	  -1.7311182e-11	
   1.3050000e-02	  -1.7194648e-11	
   1.3100000e-02	  -1.7523462e-11	
   1.3150000e-02	  -1.6811432e-11	
   1.3200000e-02	  -1.6812252e-11	
   1.3250000e-02	  -1.5896844e-11	
   1.3300000e-02	  -1.5104041e-11	
   1.3350000e-02	  -1.4929820e-11	
   1.3400000e-02	  -1.4645313e-11	
   1.3450000e-02	  -1.4783639e-11	
   1.3500000e-02	  -1.4760129e-11	
   1.3550000e-02	  -1.4002591e-11	
   1.3600000e-02	  -1.3414377e-11	
   1.3650000e-02	  -1.3136338e-11	
   1.3700000e-02	  -1.3211544e-11	
   1.3750000e-02	  -1.2800899e-11	
   1.3800000e-02	  -1.2528481e-11	
   1.3850000e-02	  -1.2393915e-11	
   1.3900000e-02	  -1.2051940e-11	
   1.3950000e-02	  -1.2224831e-11	
   1.4000000e-02	  -1.2194377e-11	
   1.4050000e-02	  -1.1724806e-11	
   1.4100000e-02	  -1.1597052e-11	
   1.4150000e-02	  -1.1802709e-11	
   1.4200000e-02	  -1.1333148e-11	
   1.4250000e-02	  -1.1225907e-11	
   1.4300000e-02	  -1.0952283e-11	
   1.4350000e-02	  -1.1664037e-11	
   1.4400000e-02	  -1.1838990e-11	
   1.4450000e-02	  -1.1534633e-11	
   1.4500000e-02	  -1.1212185e-11	
   1.4550000e-02	  -1.1630223e-11	
   1.4600000e-02	  -1.2292814e-11	
   1.4650000e-02	  -1.2882515e-11	
   1.4700000e-02	  -1.3228345e-11	
   1.4750000e-02	  -1.2439400e-11	
   1.4800000e-02	  -1.2092325e-11	
   1.4850000e-02	  -1.2223609e-11	
   1.4900000e-02	  -1.1620220e-11	
   1.4950000e-02	  -1.1441528e-11	
   1.5000000e-02	  -1.1398899e-11	
   1.5050000e-02	  -1.0927214e-11	
   1.5100000e-02	  -1.0789000e-11	
   1.5150000e-02	  -1.0846345e-11	
   1.5200000e-02	  -1.0460066e-11	
   1.5250000e-02	  -1.0221748e-11	
   1.5300000e-02	  -9.2755048e-12	
   1.5350000e-02	  -9.5640609e-12	
   1.5400000e-02	  -9.2198773e-12	
   1.5450000e-02	  -9.5445950e-12	
   1.5500000e-02	  -9.7969367e-12	
   1.5550000e-02	  -9.4942476e-12	
   1.5600000e-02	  -9.2229182e-12	
   1.5650000e-02	  -9.0307076e-12	
   1.5700000e-02	  -9.4301140e-12	
   1.5750000e-02	  -8.6034332e-12	
   1.5800000e-02	  -8.7977300e-12	
   1.5850000e-02	  -8.8841146e-12	
   1.5900000e-02	  -8.5419241e-12	
   1.5950000e-02	  -8.7798438e-12	
   1.6000000e-02	  -8.8046283e-12	
   1.6050000e-02	  -8.8573854e-12	
   1.6100000e-02	  -8.9278818e-12	
   1.6150000e-02	  -8.6166616e-12	
   1.6200000e-02	  -8.0889961e-12	
   1.6250000e-02	  -8.2526330e-12	
   1.6300000e-02	  -7.9769180e-12	
   1.6350000e-02	  -7.6027513e-12	
   1.6400000e-02	  -7.7898239e-12	
   1.6450000e-02	  -7.4893551e-12	
   1.6500000e-02	  -7.4790241e-12	
   1.6550000e-02	  -7.4799577e-12	
   1.6600000e-02	  -7.7406946e-12	
   1.6650000e-02	  -7.9972160e-12	
   1.6700000e-02	  -7.2892272e-12	
   1.6750000e-02	  -7.5177477e-12	
   1.6800000e-02	  -7.5965293e-12	
   1.6850000e-02	  -8.2422961e-12	
   1.6900000e-02	  -8.2403509e-12	
   1.6950000e-02	  -8.3532478e-12	
   1.7000000e-02	  -8.2887129e-12	
   1.7050000e-02	  -8.4973238e-12	
   1.7100000e-02	  -8.0246206e-12	
   1.7150000e-02	  -7.9147809e-12	
   1.7200000e-02	  -7.4123959e-12	
   1.7250000e-02	  -7.4533412e-12	
   1.7300000e-02	  -7.2252888e-12	
   1.7350000e-02	  -7.1062431e-12	
   1.7400000e-02	  -7.2180317e-12	
   1.7450000e-02	  -7.0514257e-12	
   1.7500000e-02	  -7.4697191e-12	
   1.7550000e-02	  -7.3099073e-12	
   1.7600000e-02	  -8.0602956e-12	
   1.7650000e-02	  -8.4461766e-12	
   1.7700000e-02	  -8.2081687e-12	
   1.7750000e-02	  -8.0980238e-12	
   1.7800000e-02	  -8.2669466e-12	
   1.7850000e-02	  -7.9842476e-12	
   1.7900000e-02	  -7.5860130e-12	
   1.7950000e-02	  -7.3230815e-12	
   1.8000000e-02	  -7.0296102e-12	
   1.8050000e-02	  -7.2258267e-12	
   1.8100000e-02	  -7.2848190e-12	
   1.8150000e-02	  -6.6290291e-12	
   1.8200000e-02	  -6.8454647e-12	
   1.8250000e-02	  -6.8431753e-12	
   1.8300000e-02	  -6.6433673e-12	
   1.8350000e-02	  -6.3540179e-12	
   1.8400000e-02	  -6.2291090e-12	
   1.8450000e-02	  -6.4434712e-12	
   1.8500000e-02	  -6.5407716e-12	
   1.8550000e-02	  -6.1965574e-12	
   1.8600000e-02	  -5.7839373e-12	
   1.8650000e-02	  -6.3801241e-12	
   1.8700000e-02	  -6.2685013e-12	
   1.8750000e-02	  -6.2166836e-12	
   1.8800000e-02	  -6.1644952e-12	
   1.8850000e-02	  -6.4177690e-12	
   1.8900000e-02	  -6.7763030e-12	
   1.8950000e-02	  -6.4174744e-12	
   1.9000000e-02	  -6.2070551e-12	
   1.9050000e-02	  -5.8969288e-12	
   1.9100000e-02	  -5.8274950e-12	
   1.9150000e-02	  -5.7203977e-12	
   1.9200000e-02	  -5.9420446e-12	
   1.9250000e-02	  -6.0985828e-12	
   1.9300000e-02	  -6.2543828e-12	
   1.9350000e-02	  -5.9062840e-12	
   1.9400000e-02	  -6.1850275e-12	
   1.9450000e-02	  -6.1185883e-12	
   1.9500000e-02	  -5.4739245e-12	
   1.9550000e-02	  -5.4699619e-12	
   1.9600000e-02	  -6.0198603e-12	
   1.9650000e-02	  -5.7247656e-12	
   1.9700000e-02	  -5.4530955e-12	
   1.9750000e-02	  -5.0577403e-12	
   1.9800000e-02	  -5.2561928e-12	
   1.9850000e-02	  -5.0014535e-12	
   1.9900000e-02	  -4.5565424e-12	
   1.9950000e-02	  -4.8354106e-12	
   2.0000000e-02	  -4.8008349e-12	
   2.0050000e-02	  -4.4955550e-12	
   2.0100000e-02	  -4.7052150e-12	
   2.0150000e-02	  -4.4633224e-12	
   2.0200000e-02	  -4.4686767e-12	
   2.0250000e-02	  -4.5602402e-12	
   2.0300000e-02	  -4.8169450e-12	
   2.0350000e-02	  -4.8388190e-12	
   2.0400000e-02	  -4.6343038e-12	
   2.0450000e-02	  -4.2547840e-12	
   2.0500000e-02	  -4.2306489e-12	
   2.0550000e-02	  -4.0244445e-12	
   2.0600000e-02	  -4.3304710e-12	
   2.0650000e-02	  -3.9442115e-12	
   2.0700000e-02	  -3.5389035e-12	
   2.0750000e-02	  -3.6133559e-12	
   2.0800000e-02	  -3.1437286e-12	
   2.0850000e-02	  -3.2644322e-12	
   2.0900000e-02	  -3.4740004e-12	
   2.0950000e-02	  -3.6970172e-12	
   2.1000000e-02	  -4.1360862e-12	
   2.1050000e-02	  -4.3804905e-12	
   2.1100000e-02	  -3.8617943e-12	
   2.1150000e-02	  -4.1291994e-12	
   2.1200000e-02	  -4.2571648e-12	
   2.1250000e-02	  -3.9913258e-12	
   2.1300000e-02	  -4.1417773e-12	
   2.1350000e-02	  -4.4707777e-12	
   2.1400000e-02	  -4.5395246e-12	
   2.1450000e-02	  -4.5758052e-12	
   2.1500000e-02	  -4.7701040e-12	
   2.1550000e-02	  -4.6705521e-12	
   2.1600000e-02	  -4.7505074e-12	
   2.1650000e-02	  -4.4735875e-12	
   2.1700000e-02	  -4.0637411e-12	
   2.1750000e-02	  -4.1722669e-12	
   2.1800000e-02	  -4.0294264e-12	
   2.1850000e-02	  -3.7056381e-12	
   2.1900000e-02	  -4.0942805e-12	
   2.1950000e-02	  -3.7883942e-12	
   2.2000000e-02	  -4.0945070e-12	
   2.2050000e-02	  -3.6627511e-12	
   2.2100000e-02	  -3.7452424e-12	
   2.2150000e-02	  -3.4106463e-12	
   2.2200000e-02	  -3.6993830e-12	
   2.2250000e-02	  -3.9848686e-12	
   2.2300000e-02	  -4.0737270e-12	
   2.2350000e-02	  -3.8114592e-12	
   2.2400000e-02	  -3.4294193e-12	
   2.2450000e-02	  -3.2093792e-12	
   2.2500000e-02	  -2.9777086e-12	
   2.2550000e-02	  -3.0946315e-12	
   2.2600000e-02	  -2.8637104e-12	
   2.2650000e-02	  -2.7561371e-12	
   2.2700000e-02	  -2.4803447e-12	
   2.2750000e-02	  -2.4920116e-12	
   2.2800000e-02	  -2.6378689e-12	
   2.2850000e-02	  -3.4950666e-12	
   2.2900000e-02	  -3.5466751e-12	
   2.2950000e-02	  -3.4811386e-12	
   2.3000000e-02	  -3.4825296e-12	
   2.3050000e-02	  -2.7462824e-12	
   2.3100000e-02	  -3.5997321e-12	
   2.3150000e-02	  -3.5514411e-12	
   2.3200000e-02	  -3.5145740e-12	
   2.3250000e-02	  -3.4657698e-12	
   2.3300000e-02	  -3.8507577e-12	
   2.3350000e-02	  -3.6182459e-12	
   2.3400000e-02	  -3.2914649e-12	
   2.3450000e-02	  -2.7758560e-12	
   2.3500000e-02	  -2.0917050e-12	
   2.3550000e-02	  -2.6472740e-12	
   2.3600000e-02	  -2.6671464e-12	
   2.3650000e-02	  -2.5235661e-12	
   2.3700000e-02	  -2.8861768e-12	
   2.3750000e-02	  -2.5637800e-12	
   2.3800000e-02	  -2.7674514e-12	
   2.3850000e-02	  -2.5948438e-12	
   2.3900000e-02	  -2.5118518e-12	
   2.3950000e-02	  -2.1906424e-12	
   2.4000000e-02	  -2.0911920e-12	
   2.4050000e-02	  -2.5821897e-12	
   2.4100000e-02	  -2.8661485e-12	
   2.4150000e-02	  -2.9182112e-12	
   2.4200000e-02	  -2.9084928e-12	
   2.4250000e-02	  -3.0957575e-12	
   2.4300000e-02	  -2.9994344e-12	
   2.4350000e-02	  -2.9633442e-12	
   2.4400000e-02	  -2.6336360e-12	
   2.4450000e-02	  -2.6563280e-12	
   2.4500000e-02	  -2.7178995e-12	
   2.4550000e-02	  -2.2646720e-12	
   2.4600000e-02	  -1.6876690e-12	
   2.4650000e-02	  -2.1028836e-12	
   2.4700000e-02	  -2.1179186e-12	
   2.4750000e-02	  -2.0225530e-12	
   2.4800000e-02	  -1.5419363e-12	
   2.4850000e-02	  -7.9270824e-13	
   2.4900000e-02	  -5.4843283e-13	
   2.4950000e-02	  -6.4658324e-13	
   2.5000000e-02	  -1.0756222e-12	
   2.5050000e-02	  -8.1463669e-13	
   2.5100000e-02	  -1.2904241e-12	
   2.5150000e-02	  -1.9283122e-12	
   2.5200000e-02	  -2.4633256e-12	
   2.5250000e-02	  -2.3445920e-12	
   2.5300000e-02	  -2.3610445e-12	
   2.5350000e-02	  -2.2108075e-12	
   2.5400000e-02	  -2.5317936e-12	
   2.5450000e-02	  -2.7883923e-12	
   2.5500000e-02	  -2.9173114e-12	
   2.5550000e-02	  -3.0793500e-12	
   2.5600000e-02	  -2.7194952e-12	
   2.5650000e-02	  -2.9003995e-12	
   2.5700000e-02	  -3.3481361e-12	
   2.5750000e-02	  -3.0985230e-12	
   2.5800000e-02	  -2.6751496e-12	
   2.5850000e-02	  -2.3345904e-12	
   2.5900000e-02	  -2.2498532e-12	
   2.5950000e-02	  -2.3663054e-12	
   2.6000000e-02	  -2.2161539e-12	
   2.6050000e-02	  -2.1081669e-12	
   2.6100000e-02	  -2.2445392e-12	
   2.6150000e-02	  -2.2244405e-12	
   2.6200000e-02	  -1.7942016e-12	
   2.6250000e-02	  -1.9993094e-12	
   2.6300000e-02	  -2.5654289e-12	
   2.6350000e-02	  -2.4208593e-12	
   2.6400000e-02	  -2.9054711e-12	
   2.6450000e-02	  -1.9943344e-12	
   2.6500000e-02	  -1.9983436e-12	
   2.6550000e-02	  -2.1460454e-12	
   2.6600000e-02	  -1.9329339e-12	
   2.6650000e-02	  -1.7873216e-12	
   2.6700000e-02	  -1.7309988e-12	
   2.6750000e-02	  -1.6494202e-12	
   2.6800000e-02	  -1.8888279e-12	
   2.6850000e-02	  -1.5072964e-12	
   2.6900000e-02	  -1.4362422e-12	
   2.6950000e-02	  -1.2869040e-12	
   2.7000000e-02	  -1.4183757e-12	
   2.7050000e-02	  -1.4168947e-12	
   2.7100000e-02	  -1.0960889e-12	
   2.7150000e-02	  -1.3867384e-12	
   2.7200000e-02	  -1.6233407e-12	
   2.7250000e-02	  -1.9050800e-12	
   2.7300000e-02	  -1.4144517e-12	
   2.7350000e-02	  -1.3991785e-12	
   2.7400000e-02	  -1.5596979e-12	
   2.7450000e-02	  -1.5866370e-12	
   2.7500000e-02	  -1.5582570e-12	
   2.7550000e-02	  -1.8418512e-12	
   2.7600000e-02	  -2.1696737e-12	
   2.7650000e-02	  -2.4183711e-12	
   2.7700000e-02	  -2.3348413e-12	
   2.7750000e-02	  -2.5829251e-12	
   2.7800000e-02	  -1.6511961e-12	
   2.7850000e-02	  -1.3891318e-12	
   2.7900000e-02	  -1.6701064e-12	
   2.7950000e-02	  -2.1337372e-12	
   2.8000000e-02	  -2.1812706e-12	
   2.8050000e-02	  -1.9585598e-12	
   2.8100000e-02	  -1.6117702e-12	
   2.8150000e-02	  -1.6380948e-12	
   2.8200000e-02	  -1.8079195e-12	
   2.8250000e-02	  -1.7612702e-12	
   2.8300000e-02	  -1.8363987e-12	
   2.8350000e-02	  -1.8472741e-12	
   2.8400000e-02	  -1.3753843e-12	
   2.8450000e-02	  -1.0406526e-12	
   2.8500000e-02	  -1.2489634e-12	
   2.8550000e-02	  -1.0144441e-12	
   2.8600000e-02	  -1.3420411e-12	
   2.8650000e-02	  -1.8196408e-12	
   2.8700000e-02	  -2.0203942e-12	
   2.8750000e-02	  -1.7099487e-12	
   2.8800000e-02	  -1.3748594e-12	
   2.8850000e-02	  -1.2296193e-12	
   2.8900000e-02	  -9.6644871e-13	
   2.8950000e-02	  -9.1353813e-13	
   2.9000000e-02	  -8.9172766e-13	
   2.9050000e-02	  -8.6196190e-13	
   2.9100000e-02	  -1.0383110e-12	
   2.9150000e-02	  -1.3826178e-12	
   2.9200000e-02	  -1.4098535e-12	
   2.9250000e-02	  -1.5501836e-12	
   2.9300000e-02	  -1.3611503e-12	
   2.9350000e-02	  -1.5520122e-12	
   2.9400000e-02	  -1.1166633e-12	
   2.9450000e-02	  -9.2545925e-13	
   2.9500000e-02	  -1.0869470e-12	
   2.9550000e-02	  -1.2612801e-12	
   2.9600000e-02	  -1.0276269e-12	
   2.9650000e-02	  -4.1543456e-13	
   2.9700000e-02	   8.4713344e-14	
   2.9750000e-02	   6.8777090e-14	
   2.9800000e-02	  -3.7966863e-14	
   2.9850000e-02	  -2.6923906e-13	
   2.9900000e-02	  -7.0873364e-13	
   2.9950000e-02	  -1.3496832e-12	
   3.0000000e-02	  -1.8482685e-12	
   3.0050000e-02	  -1.5277522e-12	
   3.0100000e-02	  -1.1226523e-12	
   3.0150000e-02	  -1.0266803e-12	
   3.0200000e-02	  -1.3135912e-12	
   3.0250000e-02	  -1.2552886e-12	
   3.0300000e-02	  -1.7467195e-12	
   3.0350000e-02	  -1.7910827e-12	
   3.0400000e-02	  -1.6978571e-12	
   3.0450000e-02	  -2.1063427e-12	
   3.0500000e-02	  -1.9789647e-12	
   3.0550000e-02	  -1.6413813e-12	
   3.0600000e-02	  -1.4320494e-12	
   3.0650000e-02	  -1.2059993e-12	
   3.0700000e-02	  -1.0765622e-12	
   3.0750000e-02	  -1.2805596e-12	
   3.0800000e-02	  -1.4399027e-12	
   3.0850000e-02	  -1.9254724e-12	
   3.0900000e-02	  -2.6258752e-12	
   3.0950000e-02	  -2.7640401e-12	
   3.1000000e-02	  -2.6525237e-12	
   3.1050000e-02	  -2.6709826e-12	
   3.1100000e-02	  -2.2775282e-12	
   3.1150000e-02	  -2.1013580e-12	
   3.1200000e-02	  -1.9458734e-12	
   3.1250000e-02	  -2.1564853e-12	
   3.1300000e-02	  -2.2299821e-12	
   3.1350000e-02	  -1.9866208e-12	
   3.1400000e-02	  -2.1349936e-12	
   3.1450000e-02	  -2.3710695e-12	
   3.1500000e-02	  -2.9116653e-12	
   3.1550000e-02	  -2.6769695e-12	
   3.1600000e-02	  -2.8406570e-12	
   3.1650000e-02	  -2.9496199e-12	
   3.1700000e-02	  -2.9518965e-12	
   3.1750000e-02	  -2.3864701e-12	
   3.1800000e-02	  -1.9264853e-12	
   3.1850000e-02	  -2.2453774e-12	
   3.1900000e-02	  -2.2213698e-12	
   3.1950000e-02	  -2.1019847e-12	
   3.2000000e-02	  -1.7584955e-12	
   3.2050000e-02	  -1.6156135e-12	
   3.2100000e-02	  -2.0366108e-12	
   3.2150000e-02	  -2.1344820e-12	
   3.2200000e-02	  -1.8260336e-12	
   3.2250000e-02	  -2.2948414e-12	
   3.2300000e-02	  -2.0162426e-12	
   3.2350000e-02	  -2.1815585e-12	
   3.2400000e-02	  -2.7184088e-12	
   3.2450000e-02	  -2.8974244e-12	
   3.2500000e-02	  -2.6977907e-12	
   3.2550000e-02	  -2.5028141e-12	
   3.2600000e-02	  -2.2235221e-12	
   3.2650000e-02	  -2.5891210e-12	
   3.2700000e-02	  -2.5867557e-12	
   3.2750000e-02	  -2.2518677e-12	
   3.2800000e-02	  -1.9447530e-12	
   3.2850000e-02	  -1.9363550e-12	
   3.2900000e-02	  -2.0205681e-12	
   3.2950000e-02	  -2.4575643e-12	
   3.3000000e-02	  -2.3713110e-12	
   3.3050000e-02	  -2.4113092e-12	
   3.3100000e-02	  -2.7391229e-12	
   3.3150000e-02	  -2.3714797e-12	
   3.3200000e-02	  -2.2076353e-12	
   3.3250000e-02	  -2.0037190e-12	
   3.3300000e-02	  -1.6658471e-12	
   3.3350000e-02	  -1.7741817e-12	
   3.3400000e-02	  -1.9600643e-12	
   3.3450000e-02	  -2.0061095e-12	
   3.3500000e-02	  -2.0349204e-12	
   3.3550000e-02	  -2.0289879e-12	
   3.3600000e-02	  -1.6138744e-12	
   3.3650000e-02	  -1.2500236e-12	
   3.3700000e-02	  -1.5982717e-12	
   3.3750000e-02	  -1.4306092e-12	
   3.3800000e-02	  -1.3115720e-12	
   3.3850000e-02	  -8.7027781e-13	
   3.3900000e-02	  -7.5314554e-13	
   3.3950000e-02	  -1.0351249e-12	
   3.4000000e-02	  -1.5466656e-12	
   3.4050000e-02	  -1.2150953e-12	
   3.4100000e-02	  -1.6861571e-12	
   3.4150000e-02	  -1.8726812e-12	
   3.4200000e-02	  -1.9320964e-12	
   3.4250000e-02	  -2.1065632e-12	
   3.4300000e-02	  -1.7350134e-12	
   3.4350000e-02	  -1.5034974e-12	
   3.4400000e-02	  -1.7731710e-12	
   3.4450000e-02	  -2.1996936e-12	
   3.4500000e-02	  -2.4858889e-12	
   3.4550000e-02	  -2.3280082e-12	
   3.4600000e-02	  -2.1808594e-12	
   3.4650000e-02	  -2.1920007e-12	
   3.4700000e-02	  -2.5064045e-12	
   3.4750000e-02	  -2.5121930e-12	
   3.4800000e-02	  -1.8815684e-12	
   3.4850000e-02	  -1.6793599e-12	
   3.4900000e-02	  -1.5465759e-12	
   3.4950000e-02	  -1.7208377e-12	
   3.5000000e-02	  -1.3866439e-12	
   3.5050000e-02	  -1.2685808e-12	
   3.5100000e-02	  -1.9067646e-12	
   3.5150000e-02	  -1.3206493e-12	
   3.5200000e-02	  -1.1473249e-12	
   3.5250000e-02	  -1.4081582e-12	
   3.5300000e-02	  -1.1891211e-12	
   3.5350000e-02	  -1.1641382e-12	
   3.5400000e-02	  -1.3230961e-12	
   3.5450000e-02	  -1.5404323e-12	
   3.5500000e-02	  -1.4083934e-12	
   3.5550000e-02	  -1.2236883e-12	
   3.5600000e-02	  -1.1382865e-12	
   3.5650000e-02	  -1.4462635e-12	
   3.5700000e-02	  -1.7542121e-12	
   3.5750000e-02	  -2.0890553e-12	
   3.5800000e-02	  -2.5511176e-12	
   3.5850000e-02	  -2.0204921e-12	
   3.5900000e-02	  -1.5669988e-12	
   3.5950000e-02	  -1.1172057e-12	
   3.6000000e-02	  -8.3670224e-13	
   3.6050000e-02	  -1.1663926e-12	
   3.6100000e-02	  -1.1804074e-12	
   3.6150000e-02	  -1.0077107e-12	
   3.6200000e-02	  -1.2491395e-12	
   3.6250000e-02	  -1.3579308e-12	
   3.6300000e-02	  -1.3690540e-12	
   3.6350000e-02	  -1.1570361e-12	
   3.6400000e-02	  -8.3807028e-13	
   3.6450000e-02	  -3.5263220e-13	
   3.6500000e-02	  -9.4144435e-13	
   3.6550000e-02	  -1.1783905e-12	
   3.6600000e-02	  -1.5489985e-12	
   3.6650000e-02	  -2.1682273e-12	
   3.6700000e-02	  -2.4714117e-12	
   3.6750000e-02	  -2.5866731e-12	
   3.6800000e-02	  -2.1637540e-12	
   3.6850000e-02	  -2.0551648e-12	
   3.6900000e-02	  -2.2999831e-12	
   3.6950000e-02	  -2.3938814e-12	
   3.7000000e-02	  -2.4100914e-12	
   3.7050000e-02	  -2.4916516e-12	
   3.7100000e-02	  -2.1782911e-12	
   3.7150000e-02	  -1.9660530e-12	
   3.7200000e-02	  -1.7534108e-12	
   3.7250000e-02	  -1.8024085e-12	
   3.7300000e-02	  -2.4834934e-12	
   3.7350000e-02	  -3.1083198e-12	
   3.7400000e-02	  -3.0402266e-12	
   3.7450000e-02	  -2.8062537e-12	
   3.7500000e-02	  -2.6378420e-12	
   3.7550000e-02	  -2.4372410e-12	
   3.7600000e-02	  -2.6682577e-12	
   3.7650000e-02	  -1.8564853e-12	
   3.7700000e-02	  -1.1958319e-12	
   3.7750000e-02	  -1.1581786e-12	
   3.7800000e-02	  -1.1093992e-12	
   3.7850000e-02	  -1.1772732e-12	
   3.7900000e-02	  -1.2947810e-12	
   3.7950000e-02	  -8.4522710e-13	
   3.8000000e-02	  -4.9418943e-13	
   3.8050000e-02	  -5.8189575e-13	
   3.8100000e-02	  -6.2869805e-13	
   3.8150000e-02	  -3.7833452e-13	
   3.8200000e-02	  -7.8165838e-13	
   3.8250000e-02	  -1.2544589e-12	
   3.8300000e-02	  -1.7511573e-12	
   3.8350000e-02	  -2.1014381e-12	
   3.8400000e-02	  -2.1814851e-12	
   3.8450000e-02	  -2.0452008e-12	
   3.8500000e-02	  -1.9259323e-12	
   3.8550000e-02	  -1.7167056e-12	
   3.8600000e-02	  -1.3478405e-12	
   3.8650000e-02	  -1.0651831e-12	
   3.8700000e-02	  -9.2686264e-13	
   3.8750000e-02	  -1.0492264e-12	
   3.8800000e-02	  -9.7164692e-13	
   3.8850000e-02	  -6.6795354e-13	
   3.8900000e-02	  -7.5917376e-13	
   3.8950000e-02	  -8.3124696e-13	
   3.9000000e-02	  -1.6862959e-12	
   3.9050000e-02	  -1.9682546e-12	
   3.9100000e-02	  -2.1642449e-12	
   3.9150000e-02	  -2.4051078e-12	
   3.9200000e-02	  -2.8074084e-12	
   3.9250000e-02	  -2.2341690e-12	
   3.9300000e-02	  -1.9398270e-12	
   3.9350000e-02	  -1.8678921e-12	
   3.9400000e-02	  -1.9832386e-12	
   3.9450000e-02	  -2.0165623e-12	
   3.9500000e-02	  -2.1647206e-12	
   3.9550000e-02	  -1.6025443e-12	
   3.9600000e-02	  -1.7368737e-12	
   3.9650000e-02	  -1.9488399e-12	
   3.9700000e-02	  -2.3039968e-12	
   3.9750000e-02	  -2.5579022e-12	
   3.9800000e-02	  -2.1978821e-12	
   3.9850000e-02	  -2.1615495e-12	
   3.9900000e-02	  -1.8114017e-12	
   3.9950000e-02	  -1.9904213e-12	
   4.0000000e-02	  -1.3913426e-12	
   4.0050000e-02	  -1.6358277e-12	
   4.0100000e-02	  -8.0070174e-13	
   4.0150000e-02	  -1.2203125e-12	
   4.0200000e-02	  -1.4734568e-12	
   4.0250000e-02	  -1.6938684e-12	
   4.0300000e-02	  -1.3267208e-12	
   4.0350000e-02	  -1.1673986e-12	
   4.0400000e-02	  -8.9349491e-13	
   4.0450000e-02	  -1.0109238e-12	
   4.0500000e-02	  -1.2712520e-12	
   4.0550000e-02	  -8.6540345e-13	
   4.0600000e-02	  -1.1933475e-12	
   4.0650000e-02	  -5.0936843e-13	
   4.0700000e-02	  -6.3707763e-13	
   4.0750000e-02	  -3.8316464e-13	
   4.0800000e-02	  -5.2184667e-13	
   4.0850000e-02	   4.7919784e-14	
   4.0900000e-02	   1.5727675e-13	
   4.0950000e-02	   3.5177850e-13	
   4.1000000e-02	  -3.8540178e-13	
   4.1050000e-02	  -3.9101925e-13	
   4.1100000e-02	  -7.0776284e-13	
   4.1150000e-02	  -1.2119182e-12	
   4.1200000e-02	  -9.5525194e-13	
   4.1250000e-02	  -9.5648947e-13	
   4.1300000e-02	  -9.4867874e-13	
   4.1350000e-02	  -1.3702622e-12	
   4.1400000e-02	  -1.4027390e-12	
   4.1450000e-02	  -1.6483284e-12	
   4.1500000e-02	  -1.9225321e-12	
   4.1550000e-02	  -1.2515985e-12	
   4.1600000e-02	  -1.2150913e-12	
   4.1650000e-02	  -1.8891385e-12	
   4.1700000e-02	  -1.4364269e-12	
   4.1750000e-02	  -1.6422929e-12	
   4.1800000e-02	  -1.3490697e-12	
   4.1850000e-02	  -1.4206979e-12	
   4.1900000e-02	  -1.5421688e-12	
   4.1950000e-02	  -1.1192218e-12	
   4.2000000e-02	  -1.2745330e-12	
   4.2050000e-02	  -1.1588306e-12	
   4.2100000e-02	  -1.3738700e-12	
   4.2150000e-02	  -1.7263567e-12	
   4.2200000e-02	  -1.4266493e-12	
   4.2250000e-02	  -1.5562678e-12	
   4.2300000e-02	  -1.1544533e-12	
   4.2350000e-02	  -7.3617417e-13	
   4.2400000e-02	  -1.0225351e-12	
   4.2450000e-02	  -1.5204437e-12	
   4.2500000e-02	  -1.9129091e-12	
   4.2550000e-02	  -1.9454857e-12	
   4.2600000e-02	  -2.8125037e-12	
   4.2650000e-02	  -2.6007844e-12	
   4.2700000e-02	  -2.6295916e-12	
   4.2750000e-02	  -2.0492265e-12	
   4.2800000e-02	  -2.0797361e-12	
   4.2850000e-02	  -1.8599194e-12	
   4.2900000e-02	  -1.2591618e-12	
   4.2950000e-02	  -1.3821319e-12	
   4.3000000e-02	  -1.3755776e-12	
   4.3050000e-02	  -1.5489649e-12	
   4.3100000e-02	  -1.3800546e-12	
   4.3150000e-02	  -1.2003351e-12	
   4.3200000e-02	  -7.6805999e-13	
   4.3250000e-02	  -9.6799803e-13	
   4.3300000e-02	  -5.8055617e-13	
   4.3350000e-02	  -9.1740369e-13	
   4.3400000e-02	  -1.3011278e-12	
   4.3450000e-02	  -1.5237935e-12	
   4.3500000e-02	  -1.5013292e-12	
   4.3550000e-02	  -1.8665283e-12	
   4.3600000e-02	  -1.9715427e-12	
   4.3650000e-02	  -1.8454321e-12	
   4.3700000e-02	  -1.2578706e-12	
   4.3750000e-02	   5.3276394e-14	
   4.3800000e-02	  -3.0329927e-13	
   4.3850000e-02	  -8.8860148e-13	
   4.3900000e-02	  -7.2370685e-13	
   4.3950000e-02	  -9.4084896e-13	
   4.4000000e-02	  -9.9527006e-13	
   4.4050000e-02	  -8.2269060e-13	
   4.4100000e-02	  -5.5855488e-13	
   4.4150000e-02	  -2.9347098e-13	
   4.4200000e-02	  -1.5628753e-13	
   4.4250000e-02	  -2.4076086e-13	
   4.4300000e-02	  -4.0157938e-13	
   4.4350000e-02	  -9.6442624e-13	
   4.4400000e-02	  -1.0038676e-12	
   4.4450000e-02	  -8.7655599e-13	
   4.4500000e-02	  -8.1499672e-13	
   4.4550000e-02	  -7.5682407e-13	
   4.4600000e-02	  -1.2146974e-12	
   4.4650000e-02	  -1.1679557e-12	
   4.4700000e-02	  -1.1233850e-12	
   4.4750000e-02	  -1.0134954e-12	
   4.4800000e-02	  -1.0732627e-12	
   4.4850000e-02	  -1.1055167e-12	
   4.4900000e-02	  -1.1090869e-12	
   4.4950000e-02	  -8.8900155e-13	
   4.5000000e-02	  -8.7346374e-13	
   4.5050000e-02	  -4.7661452e-13	
   4.5100000e-02	  -8.6585199e-13	
   4.5150000e-02	  -1.0276830e-12	
   4.5200000e-02	  -1.1229459e-12	
   4.5250000e-02	  -8.4880703e-13	
   4.5300000e-02	  -1.0687745e-12	
   4.5350000e-02	  -1.2217883e-12	
   4.5400000e-02	  -1.0982803e-12	
   4.5450000e-02	  -1.0695458e-12	
   4.5500000e-02	  -6.1172898e-13	
   4.5550000e-02	  -2.6486100e-13	
   4.5600000e-02	  -2.1576924e-14	
   4.5650000e-02	   1.8403530e-13	
   4.5700000e-02	   7.2218837e-13	
   4.5750000e-02	   8.6587581e-13	
   4.5800000e-02	   7.8142007e-13	
   4.5850000e-02	   9.0647245e-13	
   4.5900000e-02	   6.1869363e-13	
   4.5950000e-02	  -1.8600925e-13	
   4.6000000e-02	  -6.1436538e-13	
   4.6050000e-02	  -7.1139888e-13	
   4.6100000e-02	  -1.0369335e-12	
   4.6150000e-02	  -9.2381766e-13	
   4.6200000e-02	  -9.7938736e-13	
   4.6250000e-02	  -6.0105881e-13	
   4.6300000e-02	  -4.5563255e-13	
   4.6350000e-02	  -3.2074191e-13	
   4.6400000e-02	   1.5949091e-13	
   4.6450000e-02	   5.8578815e-13	
   4.6500000e-02	   6.7682828e-13	
   4.6550000e-02	   5.6849339e-13	
   4.6600000e-02	   2.8491261e-13	
   4.6650000e-02	   3.8425534e-13	
   4.6700000e-02	  -3.2961914e-14	
   4.6750000e-02	  -6.2518583e-13	
   4.6800000e-02	  -8.2411655e-13	
   4.6850000e-02	  -1.0701871e-12	
   4.6900000e-02	  -8.5835650e-13	
   4.6950000e-02	  -7.3908306e-13	
   4.7000000e-02	  -1.0727595e-12	
   4.7050000e-02	  -7.9143224e-13	
   4.7100000e-02	  -5.6474308e-13	
   4.7150000e-02	  -4.9242874e-13	
   4.7200000e-02	  -4.6846479e-13	
   4.7250000e-02	  -4.8622965e-13	
   4.7300000e-02	  -4.1033512e-13	
   4.7350000e-02	  -2.6423850e-13	
   4.7400000e-02	  -2.5807698e-13	
   4.7450000e-02	   4.4086861e-13	
   4.7500000e-02	   4.5900149e-13	
   4.7550000e-02	   4.3146237e-13	
   4.7600000e-02	   4.9556908e-13	
   4.7650000e-02	   1.0460247e-12	
   4.7700000e-02	   8.4767279e-13	
   4.7750000e-02	   8.0168966e-13	
   4.7800000e-02	   1.3738858e-13	
   4.7850000e-02	  -5.0054741e-13	
   4.7900000e-02	  -8.3447203e-13	
   4.7950000e-02	  -1.7677071e-13	
   4.8000000e-02	  -3.3017209e-14	
   4.8050000e-02	  -5.7924824e-13	
   4.8100000e-02	  -9.7141414e-13	
   4.8150000e-02	  -7.3559149e-13	
   4.8200000e-02	  -8.2031474e-13	
   4.8250000e-02	  -1.3385586e-12	
   4.8300000e-02	  -1.2833471e-12	
   4.8350000e-02	  -6.8423305e-13	
   4.8400000e-02	  -6.9625048e-13	
   4.8450000e-02	  -6.5058527e-13	
   4.8500000e-02	  -7.7349628e-13	
   4.8550000e-02	  -5.4906036e-13	
   4.8600000e-02	  -4.3149989e-13	
   4.8650000e-02	   3.3170862e-13	
   4.8700000e-02	  -1.0031797e-14	
   4.8750000e-02	  -3.7329558e-13	
   4.8800000e-02	  -5.8908079e-13	
   4.8850000e-02	  -3.9248571e-13	
   4.8900000e-02	  -7.7624165e-13	
   4.8950000e-02	  -7.8754294e-13	
   4.9000000e-02	  -8.5942234e-13	
   4.9050000e-02	  -4.1904506e-13	
   4.9100000e-02	  -3.1334896e-13	
   4.9150000e-02	  -1.5104395e-13	
   4.9200000e-02	   3.0738563e-13	
   4.9250000e-02	   2.3237126e-13	
   4.9300000e-02	  -8.8152142e-14	
   4.9350000e-02	  -5.7877900e-13	
   4.9400000e-02	  -4.3124640e-13	
   4.9450000e-02	  -8.6990442e-13	
   4.9500000e-02	  -8.3998750e-13	
   4.9550000e-02	  -6.5700771e-13	
   4.9600000e-02	  -6.3582109e-13	
   4.9650000e-02	  -4.7995435e-13	
   4.9700000e-02	  -8.5104287e-14	
   4.9750000e-02	   3.1922907e-13	
   4.9800000e-02	   2.8878955e-13	
   4.9850000e-02	   4.2332609e-13	
   4.9900000e-02	   4.2609322e-13	
   4.9950000e-02	   3.2095510e-13	
   5.0000000e-02	   4.7122983e-13	
