  -0.0000000e+00	
  -4.1860122e-12	
  -7.7742483e-12	
  -1.0843824e-11	
  -1.3463450e-11	
  -1.5692798e-11	
  -1.7583690e-11	
  -1.9181133e-11	
  -2.0524207e-11	
  -2.1646855e-11	
  -2.2578548e-11	
  -2.3344879e-11	
  -2.3968073e-11	
  -2.4467425e-11	
  -2.4859691e-11	
  -2.5159417e-11	
  -2.5379233e-11	
  -2.5530103e-11	
  -2.5621543e-11	
  -2.5661817e-11	
  -2.5658094e-11	
  -2.5616597e-11	
  -2.5542725e-11	
  -2.5441165e-11	
  -2.5315979e-11	
  -2.5170694e-11	
  -2.5008367e-11	
  -2.4831648e-11	
  -2.4642835e-11	
  -2.4443918e-11	
  -2.4236622e-11	
  -2.4022442e-11	
  -2.3802668e-11	
  -2.3578420e-11	
  -2.3350665e-11	
  -2.3120239e-11	
  -2.2887862e-11	
  -2.2654157e-11	
  -2.2419661e-11	
  -2.2184836e-11	
  -2.1950078e-11	
  -2.1715729e-11	
  -2.1482081e-11	
  -2.1249383e-11	
  -2.1017848e-11	
  -2.0787658e-11	
  -2.0558966e-11	
  -2.0331902e-11	
  -2.0106575e-11	
  -1.9883076e-11	
  -1.9661480e-11	
  -1.9441848e-11	
  -1.9224232e-11	
  -1.9008671e-11	
  -1.8795197e-11	
  -1.8583832e-11	
  -1.8374596e-11	
  -1.8167499e-11	
  -1.7962547e-11	
  -1.7759745e-11	
  -1.7559091e-11	
  -1.7360580e-11	
  -1.7164207e-11	
  -1.6969962e-11	
  -1.6777835e-11	
  -1.6587812e-11	
  -1.6399881e-11	
  -1.6214027e-11	
  -1.6030232e-11	
  -1.5848481e-11	
  -1.5668757e-11	
  -1.5491040e-11	
  -1.5315313e-11	
  -1.5141556e-11	
  -1.4969751e-11	
  -1.4799879e-11	
  -1.4631919e-11	
  -1.4465852e-11	
  -1.4301659e-11	
  -1.4139320e-11	
  -1.3978815e-11	
  -1.3820125e-11	
  -1.3663230e-11	
  -1.3508111e-11	
  -1.3354747e-11	
  -1.3203121e-11	
  -1.3053213e-11	
  -1.2905004e-11	
  -1.2758474e-11	
  -1.2613606e-11	
  -1.2470381e-11	
  -1.2328781e-11	
  -1.2188786e-11	
  -1.2050380e-11	
  -1.1913545e-11	
  -1.1778262e-11	
  -1.1644515e-11	
  -1.1512285e-11	
  -1.1381557e-11	
  -1.1252312e-11	
  -1.1124535e-11	
  -1.0998208e-11	
  -1.0873315e-11	
  -1.0749840e-11	
  -1.0627767e-11	
  -1.0507080e-11	
  -1.0387763e-11	
  -1.0269801e-11	
  -1.0153178e-11	
  -1.0037880e-11	
  -9.9238908e-12	
  -9.8111959e-12	
  -9.6997807e-12	
  -9.5896307e-12	
  -9.4807314e-12	
  -9.3730687e-12	
  -9.2666286e-12	
  -9.1613971e-12	
  -9.0573607e-12	
  -8.9545056e-12	
  -8.8528185e-12	
  -8.7522861e-12	
  -8.6528954e-12	
  -8.5546333e-12	
  -8.4574871e-12	
  -8.3614440e-12	
  -8.2664916e-12	
  -8.1726175e-12	
  -8.0798094e-12	
  -7.9880552e-12	
  -7.8973429e-12	
  -7.8076608e-12	
  -7.7189971e-12	
  -7.6313402e-12	
  -7.5446788e-12	
  -7.4590015e-12	
  -7.3742972e-12	
  -7.2905547e-12	
  -7.2077633e-12	
  -7.1259120e-12	
  -7.0449902e-12	
  -6.9649873e-12	
  -6.8858930e-12	
  -6.8076968e-12	
  -6.7303887e-12	
  -6.6539584e-12	
  -6.5783961e-12	
  -6.5036919e-12	
  -6.4298360e-12	
  -6.3568189e-12	
  -6.2846309e-12	
  -6.2132626e-12	
  -6.1427049e-12	
  -6.0729484e-12	
  -6.0039840e-12	
  -5.9358028e-12	
  -5.8683959e-12	
  -5.8017544e-12	
  -5.7358697e-12	
  -5.6707332e-12	
  -5.6063364e-12	
  -5.5426709e-12	
  -5.4797284e-12	
  -5.4175006e-12	
  -5.3559795e-12	
  -5.2951570e-12	
  -5.2350253e-12	
  -5.1755764e-12	
  -5.1168026e-12	
  -5.0586962e-12	
  -5.0012497e-12	
  -4.9444555e-12	
  -4.8883063e-12	
  -4.8327947e-12	
  -4.7779135e-12	
  -4.7236556e-12	
  -4.6700138e-12	
