  -6.3081344e-12	
  -3.2516301e-12	
  -3.7715939e-13	
   1.7401701e-12	
   2.7824421e-12	
   3.4094573e-12	
   3.5522501e-12	
   2.9512399e-12	
   1.9609367e-12	
   1.0344132e-12	
   4.7932779e-13	
  -8.2857027e-13	
  -1.2124546e-12	
  -1.7003126e-12	
  -1.7313025e-12	
  -1.3091339e-12	
  -2.4481615e-12	
  -2.3913346e-12	
  -2.0878217e-12	
  -2.0985786e-12	
  -1.8347380e-12	
  -1.0409639e-12	
  -6.5681131e-13	
  -1.4021046e-12	
  -1.8173840e-12	
  -1.5481051e-12	
  -1.7549584e-12	
  -1.4832363e-12	
  -1.6040711e-12	
  -1.2644178e-12	
  -1.0174465e-12	
  -1.5004776e-12	
  -1.0276807e-12	
  -1.2975548e-12	
  -9.2258756e-13	
   5.1723662e-14	
  -6.2559504e-13	
  -3.6680201e-13	
  -7.2628623e-13	
   6.7854905e-14	
  -3.3455235e-13	
  -4.2637958e-13	
  -2.4055704e-13	
   3.9108656e-13	
   9.6609589e-13	
   1.2521229e-12	
   1.1350086e-12	
   1.0996286e-12	
   9.6590375e-13	
   9.4301888e-13	
   6.8481234e-13	
   7.6850778e-13	
   1.0545587e-12	
   1.4625544e-12	
   1.4166238e-12	
   1.0099006e-12	
   1.2488371e-12	
   1.1378108e-12	
   8.7966689e-13	
   8.9482587e-13	
   2.4790843e-13	
   1.6593193e-13	
  -3.5925538e-13	
   1.5853038e-13	
  -3.4417308e-14	
   6.9096782e-13	
   1.2958406e-12	
   1.2842062e-12	
   1.3849189e-12	
   1.0648427e-12	
   9.0862787e-13	
   1.4884492e-12	
   1.9009359e-12	
   2.0052184e-12	
   1.7582070e-12	
   1.9989797e-12	
   2.1034376e-12	
   2.0719376e-12	
   2.2497196e-12	
   1.9144889e-12	
   1.7844381e-12	
   2.0953188e-12	
   2.0661778e-12	
   1.7054019e-12	
   2.0216000e-12	
   1.9772146e-12	
   2.1009303e-12	
   1.2409663e-12	
   9.1948447e-13	
   1.0789737e-12	
   1.2581967e-12	
   6.9855780e-13	
  -1.0402744e-13	
  -8.3213423e-13	
  -1.3148002e-12	
  -6.6113768e-13	
  -4.4781038e-13	
  -7.1132371e-13	
  -2.3866349e-13	
  -1.8921582e-13	
  -2.7436490e-13	
   7.0993216e-14	
   8.4314602e-14	
  -9.6505346e-14	
   1.6770116e-13	
   2.8533182e-13	
   1.1122581e-12	
   7.0574007e-13	
   9.3330108e-13	
   4.9328494e-13	
   1.2695408e-13	
   3.1694829e-13	
   4.7686249e-13	
   5.5892305e-13	
   5.0617354e-14	
   7.6963552e-13	
   4.6889856e-13	
   2.7728255e-13	
   5.1543655e-13	
   1.7466176e-13	
   4.8190192e-14	
  -1.0509928e-13	
  -2.7498636e-13	
  -6.2028316e-14	
   3.6849103e-13	
   1.0881108e-13	
   2.8957361e-13	
   5.6986615e-13	
   2.8998545e-13	
   4.9870010e-13	
   4.1831878e-13	
   3.2770305e-13	
  -2.1697507e-14	
  -3.6587572e-13	
   2.5545165e-13	
  -5.8746187e-14	
  -2.2223213e-13	
  -9.5174134e-13	
  -1.0325876e-12	
  -1.2273359e-12	
  -1.2437227e-12	
  -1.5323365e-12	
  -1.1387276e-12	
  -1.1070841e-12	
  -6.8200722e-13	
  -7.9938279e-13	
  -6.4689271e-13	
  -6.0255123e-13	
  -7.8819567e-13	
  -6.9460688e-13	
  -1.1850882e-12	
  -1.0966447e-12	
  -1.9175907e-12	
  -2.3732283e-12	
  -2.2041847e-12	
  -2.1622210e-12	
  -2.3985507e-12	
  -2.1824932e-12	
  -1.8501433e-12	
  -1.6523483e-12	
  -1.4232738e-12	
  -1.6831558e-12	
  -1.8050906e-12	
  -1.2115285e-12	
  -1.4894852e-12	
  -1.5480183e-12	
  -1.4083420e-12	
  -1.1784415e-12	
  -1.1123065e-12	
  -1.3847750e-12	
  -1.5395220e-12	
  -1.2521019e-12	
  -8.9563105e-13	
  -1.5473294e-12	
  -1.4905878e-12	
  -1.4930280e-12	
  -1.4944815e-12	
