4.4704e-11
4.6743e-11
2.5708e-11
4.9683e-11
5.3186e-11
4.9487e-11
3.0583e-11
5.7202e-11
2.8762e-11
2.1301e-11
3.2493e-11
4.8293e-11
5.2009e-11
1.748e-11
2.8373e-11
2.7789e-11
3.5326e-11
2.1071e-11
3.6946e-11
2.3579e-11
8.6326e-11
3.8102e-11
3.0566e-11
3.0948e-11
1.2838e-10
3.7403e-11
2.3178e-11
1.8719e-11
6.0739e-11
4.7359e-11
2.3098e-11
2.8901e-11
3.5477e-11
3.266e-11
1.0366e-10
2.4626e-11
3.0337e-11
1.4857e-11
3.8579e-11
5.1479e-11
4.1558e-11
3.5274e-11
2.5058e-11
2.0837e-11
1.493e-10
3.8987e-11
4.3825e-11
