  -0.0000000e+00	
  -4.0699152e-12	
  -7.6194088e-12	
  -1.0709091e-11	
  -1.3392582e-11	
  -1.5717315e-11	
  -1.7725250e-11	
  -1.9453505e-11	
  -2.0934916e-11	
  -2.2198526e-11	
  -2.3270023e-11	
  -2.4172131e-11	
  -2.4924947e-11	
  -2.5546245e-11	
  -2.6051744e-11	
  -2.6455346e-11	
  -2.6769343e-11	
  -2.7004603e-11	
  -2.7170738e-11	
  -2.7276243e-11	
  -2.7328628e-11	
  -2.7334532e-11	
  -2.7299823e-11	
  -2.7229684e-11	
  -2.7128697e-11	
  -2.7000909e-11	
  -2.6849894e-11	
  -2.6678809e-11	
  -2.6490440e-11	
  -2.6287246e-11	
  -2.6071399e-11	
  -2.5844812e-11	
  -2.5609174e-11	
  -2.5365972e-11	
  -2.5116518e-11	
  -2.4861965e-11	
  -2.4603329e-11	
  -2.4341504e-11	
  -2.4077275e-11	
  -2.3811331e-11	
  -2.3544276e-11	
  -2.3276641e-11	
  -2.3008890e-11	
  -2.2741426e-11	
  -2.2474605e-11	
  -2.2208734e-11	
  -2.1944081e-11	
  -2.1680878e-11	
  -2.1419325e-11	
  -2.1159596e-11	
  -2.0901838e-11	
  -2.0646178e-11	
  -2.0392724e-11	
  -2.0141568e-11	
  -1.9892783e-11	
  -1.9646435e-11	
  -1.9402573e-11	
  -1.9161240e-11	
  -1.8922468e-11	
  -1.8686281e-11	
  -1.8452696e-11	
  -1.8221727e-11	
  -1.7993378e-11	
  -1.7767652e-11	
  -1.7544546e-11	
  -1.7324055e-11	
  -1.7106169e-11	
  -1.6890877e-11	
  -1.6678166e-11	
  -1.6468018e-11	
  -1.6260417e-11	
  -1.6055344e-11	
  -1.5852777e-11	
  -1.5652696e-11	
  -1.5455078e-11	
  -1.5259901e-11	
  -1.5067139e-11	
  -1.4876769e-11	
  -1.4688767e-11	
  -1.4503107e-11	
  -1.4319763e-11	
  -1.4138711e-11	
  -1.3959925e-11	
  -1.3783379e-11	
  -1.3609047e-11	
  -1.3436905e-11	
  -1.3266925e-11	
  -1.3099083e-11	
  -1.2933353e-11	
  -1.2769710e-11	
  -1.2608129e-11	
  -1.2448585e-11	
  -1.2291053e-11	
  -1.2135508e-11	
  -1.1981926e-11	
  -1.1830283e-11	
  -1.1680555e-11	
  -1.1532719e-11	
  -1.1386750e-11	
  -1.1242626e-11	
  -1.1100323e-11	
  -1.0959820e-11	
  -1.0821093e-11	
  -1.0684120e-11	
  -1.0548879e-11	
  -1.0415349e-11	
  -1.0283507e-11	
  -1.0153334e-11	
  -1.0024807e-11	
  -9.8979069e-12	
  -9.7726120e-12	
  -9.6489025e-12	
  -9.5267585e-12	
  -9.4061601e-12	
  -9.2870879e-12	
  -9.1695227e-12	
  -9.0534453e-12	
  -8.9388370e-12	
  -8.8256793e-12	
  -8.7139538e-12	
  -8.6036424e-12	
  -8.4947273e-12	
  -8.3871908e-12	
  -8.2810155e-12	
  -8.1761841e-12	
  -8.0726797e-12	
  -7.9704855e-12	
  -7.8695848e-12	
  -7.7699615e-12	
  -7.6715992e-12	
  -7.5744820e-12	
  -7.4785942e-12	
  -7.3839203e-12	
  -7.2904448e-12	
  -7.1981526e-12	
  -7.1070287e-12	
  -7.0170584e-12	
  -6.9282270e-12	
  -6.8405201e-12	
  -6.7539235e-12	
  -6.6684232e-12	
  -6.5840052e-12	
  -6.5006559e-12	
  -6.4183617e-12	
  -6.3371093e-12	
  -6.2568855e-12	
  -6.1776773e-12	
  -6.0994717e-12	
  -6.0222562e-12	
  -5.9460182e-12	
  -5.8707454e-12	
  -5.7964254e-12	
  -5.7230462e-12	
  -5.6505960e-12	
  -5.5790630e-12	
  -5.5084355e-12	
  -5.4387022e-12	
  -5.3698516e-12	
