  -1.2991982e-12	
  -8.0017219e-13	
  -5.6541441e-13	
  -3.2146371e-13	
  -3.7886533e-14	
   1.5159092e-13	
   1.0579575e-13	
   6.7189403e-14	
  -1.9306493e-14	
  -5.7572420e-14	
  -8.1848107e-14	
  -7.4262406e-14	
  -1.2224883e-13	
  -2.3585625e-14	
   4.1668893e-16	
  -2.9387088e-13	
  -3.0351345e-13	
  -4.3072354e-13	
  -2.4345355e-13	
  -3.3757705e-13	
  -4.9479585e-13	
  -4.3467864e-13	
  -2.2746739e-13	
  -2.4691335e-13	
   4.3616934e-14	
   3.7989145e-13	
   5.6004377e-13	
   4.9754138e-13	
   6.0964688e-13	
   5.3400047e-13	
   3.6758037e-13	
   5.4279499e-13	
   3.1277879e-13	
  -7.1726439e-14	
  -1.1271106e-13	
   7.8273418e-14	
   2.4985207e-13	
   2.8713843e-13	
   4.4292175e-13	
   3.7016195e-13	
   1.7255959e-13	
   9.3238636e-14	
  -1.2667968e-13	
   2.6588664e-14	
   1.8567797e-13	
   1.4034513e-13	
   1.0247174e-13	
  -2.4082374e-13	
  -5.2338625e-14	
   7.5589096e-14	
   6.5383836e-14	
   3.1472155e-13	
   1.7612172e-13	
  -4.0870285e-14	
  -2.0910461e-13	
  -3.7356055e-13	
  -4.8308307e-13	
  -4.9014291e-13	
  -3.2247644e-13	
  -1.7593812e-13	
  -1.0511757e-13	
  -9.5292080e-14	
  -3.6844388e-14	
   3.0809261e-14	
   1.2831870e-14	
  -6.9820328e-14	
  -1.9661306e-15	
   2.2331344e-13	
   1.5699397e-14	
  -9.7321376e-14	
  -2.0117651e-14	
   2.5273355e-13	
   1.9856293e-13	
   2.6185774e-13	
   1.7394391e-13	
   2.9705665e-13	
   7.4676266e-14	
  -5.7603190e-14	
   5.9861392e-14	
   2.2180784e-13	
  -2.1980283e-14	
  -1.3480331e-13	
  -2.0470954e-13	
  -1.5141296e-13	
  -2.8694043e-13	
  -3.4017963e-13	
  -4.0080108e-13	
  -2.8476833e-13	
  -2.3359385e-14	
   1.2069310e-13	
  -3.5069675e-14	
  -1.9056587e-13	
  -2.0631097e-13	
  -1.2730278e-13	
  -9.2507153e-15	
   1.1050764e-13	
  -3.4949096e-14	
  -5.4869644e-15	
   1.1435380e-13	
   3.3281209e-13	
   1.4900441e-13	
  -1.9563933e-13	
  -2.5583175e-13	
  -9.4450917e-14	
  -1.7969957e-13	
  -1.7402965e-13	
  -2.4641632e-13	
  -2.9810165e-13	
  -1.3614719e-13	
  -2.7751010e-13	
   3.4756010e-14	
  -1.0620759e-14	
  -2.3973763e-13	
  -1.8968417e-13	
  -4.0863020e-13	
  -5.3714292e-13	
  -3.5695295e-13	
  -3.4160032e-13	
  -2.2148434e-13	
  -3.7418292e-13	
  -3.3718285e-13	
  -3.1825533e-13	
  -4.7877172e-13	
  -5.3733132e-13	
  -4.7517110e-13	
  -2.0226995e-13	
   1.5296707e-14	
   3.8473799e-13	
   4.1152635e-13	
   3.1692445e-13	
   2.5740950e-13	
   3.8776730e-13	
   5.4128168e-13	
   3.7153359e-13	
   3.6111314e-13	
   3.8719861e-13	
   5.0207662e-14	
  -5.6515624e-14	
   6.7802098e-14	
   4.2312555e-14	
   8.1523896e-14	
   2.0853052e-13	
   2.4206013e-13	
   1.0547588e-13	
   2.1134617e-13	
   1.6377452e-13	
  -2.3836068e-13	
  -2.5241776e-13	
  -3.6895346e-14	
  -2.1181742e-13	
  -2.2002234e-13	
  -2.2343646e-13	
  -2.0060051e-13	
  -1.2469504e-13	
  -1.2924758e-13	
  -1.2640874e-13	
  -1.7445182e-13	
  -1.2326224e-13	
  -2.1414045e-14	
   6.8964567e-14	
  -5.8122377e-14	
  -2.5303281e-13	
  -3.2822627e-13	
  -4.4596702e-13	
  -4.5313661e-13	
  -2.6821753e-13	
  -2.2617302e-13	
  -2.1610596e-13	
  -9.2042491e-14	
  -1.3791343e-13	
  -2.1291721e-13	
  -2.3587101e-13	
  -2.1206581e-13	
  -4.3589607e-13	
  -3.7155706e-13	
  -3.5308429e-13	
  -3.9468619e-13	
  -4.6672040e-13	
  -5.4145973e-13	
  -4.3604172e-13	
  -9.1594599e-14	
  -3.1732626e-15	
  -1.2803582e-13	
  -1.9717930e-13	
  -3.7401006e-13	
  -3.9437194e-13	
  -2.5951325e-13	
  -3.0202520e-13	
  -2.4076272e-13	
  -2.9500663e-13	
  -3.2162450e-13	
  -3.0130056e-13	
  -2.3219290e-13	
  -8.3593066e-14	
   5.4944368e-15	
  -1.3068456e-13	
  -7.7544848e-14	
   4.7316641e-14	
  -1.1889878e-13	
  -1.8009187e-13	
  -4.5979038e-15	
   1.1667865e-13	
   7.8949196e-14	
  -5.4876976e-14	
  -9.2312795e-14	
  -2.5941074e-13	
  -1.4279417e-13	
   1.5094519e-14	
   2.0908935e-13	
   6.0755857e-14	
   8.7233714e-14	
   1.5163498e-13	
   2.7085455e-13	
   3.9174735e-13	
   5.1628402e-13	
   5.7753607e-13	
   3.4648735e-13	
   4.7340545e-13	
   5.0189906e-13	
   5.9839862e-13	
   5.8182492e-13	
   5.8218430e-13	
   6.1895485e-13	
   5.3240050e-13	
   3.0262260e-13	
   3.3469046e-13	
   2.8749306e-13	
   3.7659434e-13	
   4.4047686e-13	
   4.4956139e-13	
   3.5720024e-13	
   3.4141344e-13	
   2.5690890e-13	
   2.9931757e-13	
   2.9481903e-13	
   5.1140240e-13	
   4.3861562e-13	
   5.5997086e-13	
   5.1292517e-13	
   4.5365155e-13	
   2.7606405e-13	
   3.2774677e-13	
   2.4648000e-13	
   2.6167580e-13	
   2.2989114e-13	
   2.2822612e-13	
   3.2206979e-13	
   2.4142779e-13	
   2.3188222e-13	
   2.0569848e-13	
   1.0796875e-13	
   1.2964489e-13	
   6.9583971e-14	
   1.5138370e-13	
   2.1616173e-13	
   2.3518671e-13	
   2.2796977e-13	
   8.1062108e-14	
   1.2005056e-14	
   5.8185052e-14	
  -3.6734568e-14	
  -1.8414002e-14	
  -1.0362900e-13	
   1.2762650e-13	
   1.5084564e-13	
  -2.1193478e-14	
  -2.1146109e-14	
   2.6372064e-14	
   5.8034878e-14	
   1.9001397e-13	
   2.4666364e-13	
   1.9459493e-13	
   1.7191615e-13	
   2.1691919e-13	
   2.5942657e-13	
   1.8230559e-13	
   3.0376139e-13	
   2.8662619e-13	
   2.0176303e-13	
   2.5762573e-13	
   2.8124186e-13	
   4.5221994e-13	
   4.9635946e-13	
   4.0396888e-13	
   4.8473166e-13	
   5.6477085e-13	
   4.2705575e-13	
   5.6786006e-13	
   4.7001637e-13	
   4.7815903e-13	
   5.2949652e-13	
   6.7341751e-13	
   6.0710417e-13	
   5.5004003e-13	
   3.3455199e-13	
   3.7436213e-13	
   1.3444742e-13	
   8.2795138e-14	
   5.6224220e-14	
  -7.9156738e-14	
  -6.9946777e-14	
  -9.7242375e-14	
   1.7506280e-14	
   1.7040875e-13	
   3.7225907e-13	
   2.1016858e-13	
   4.5551569e-13	
   5.6619062e-13	
   6.1454120e-13	
   4.6025703e-13	
   2.6723521e-13	
   2.6023193e-13	
   3.1615446e-13	
   2.6886715e-13	
   2.0160215e-13	
   2.3350340e-13	
   1.9525940e-13	
   2.4429557e-13	
   2.4750560e-13	
   1.7224147e-13	
   1.2542080e-13	
   8.2879678e-14	
   2.5046767e-13	
   2.2965754e-13	
   2.8215177e-13	
   2.2157828e-13	
   2.2172746e-13	
   1.7835263e-13	
   2.7416747e-13	
   1.4094399e-13	
   2.1266752e-13	
   2.4897580e-13	
   2.8040356e-13	
   3.7003167e-13	
   3.7058988e-13	
   2.8661102e-13	
   2.9510126e-13	
   3.3526623e-13	
   1.9244695e-13	
   2.5688315e-13	
   1.1859111e-13	
   6.4149885e-14	
  -1.3567214e-13	
  -7.4478553e-14	
  -1.6830942e-14	
   8.9379394e-14	
   2.1817724e-13	
   1.9899017e-13	
   2.7365722e-13	
   2.3969731e-13	
   1.5508699e-13	
   1.9131004e-13	
   1.4627069e-13	
   1.1858169e-13	
   1.4932285e-13	
   5.9457996e-14	
  -4.9168879e-15	
  -8.1290904e-14	
   5.5520902e-14	
  -4.6725112e-14	
  -1.0635396e-13	
  -4.6246835e-15	
   3.2705997e-14	
  -1.4760092e-13	
  -8.9519095e-14	
  -1.3247316e-13	
  -8.7796153e-14	
   1.1075070e-13	
   7.4402110e-14	
   2.8909661e-13	
   3.6473301e-13	
   2.4372651e-13	
   3.3662302e-13	
   3.3002370e-13	
   1.4198793e-13	
  -2.8123003e-14	
  -1.6613338e-14	
  -1.2062724e-13	
   4.6699097e-14	
  -5.9127281e-14	
  -8.8212829e-14	
  -3.7832146e-14	
  -1.0028151e-13	
  -5.2411467e-14	
  -7.0373387e-14	
   3.1122409e-15	
  -1.8275335e-13	
  -2.1769366e-13	
  -2.1972180e-13	
  -3.5140458e-13	
  -3.9242648e-13	
  -3.1705547e-13	
  -2.7030849e-13	
  -3.4840576e-13	
  -3.3519282e-13	
  -4.5353675e-13	
  -4.3624816e-13	
  -4.4412764e-13	
  -3.6986869e-13	
  -4.8045529e-13	
  -4.7949284e-13	
  -5.3311959e-13	
  -7.1818466e-13	
  -6.9941315e-13	
  -6.8679342e-13	
  -6.5013619e-13	
  -5.5619824e-13	
  -6.6886229e-13	
  -6.7966069e-13	
  -6.0908733e-13	
  -6.9804559e-13	
  -6.5451641e-13	
  -7.0808827e-13	
  -6.9175607e-13	
  -7.1744630e-13	
  -7.4222800e-13	
  -7.1677723e-13	
  -6.1719043e-13	
  -6.1262534e-13	
  -7.4533038e-13	
  -6.7914125e-13	
  -7.9543862e-13	
  -8.2166031e-13	
  -8.6299582e-13	
  -9.5258195e-13	
  -7.6949906e-13	
  -8.5324959e-13	
  -9.6662199e-13	
  -7.4365716e-13	
  -9.9339033e-13	
  -1.1246397e-12	
  -1.1979941e-12	
  -1.1185869e-12	
  -1.1259909e-12	
  -1.1084842e-12	
  -1.0666907e-12	
