0.00075	0.00185	0.00145	1.2088e-13	1.7069	2.6893e-11	0.89706	4.2113e-12	0.0089	0.0089
0.00115	0.00235	0.00155	1.3305e-13	1.603	2.9639e-11	0.91252	4.2233e-12	0.0089	0.0089
0.0014	0.00395	0.0027	5.7087e-13	1.4772	1.2701e-10	0.99249	4.9778e-12	0.0089	0.0089
0.0009	0.00135	0.0007	2.2667e-14	1.5133	1.4782e-11	0.8931	3.3696e-12	0.0089	0.0019
0.00085	0.00285	0.0022	1.7084e-13	1.5938	3.7952e-11	0.89097	6.1485e-12	0.0019	0.0089
0.0016	0.0036	0.0026	1.2541e-13	1.3176	2.7889e-11	0.86788	5.0745e-12	0.0089	0.0089
0.00115	0.0032	0.0023	6.0269e-13	1.4912	1.3403e-10	0.99304	5.0534e-12	0.0089	0.0089
0.0007	0.00225	0.00175	8.1124e-14	1.6427	1.8031e-11	0.83549	3.7698e-12	0.0089	0.0089
0.00185	0.00425	0.00315	6.5307e-14	1.1773	1.4538e-11	0.68989	4.8495e-12	0.0089	0.0089
0.00105	0.00275	0.002	9.9396e-14	1.696	2.2131e-11	0.8293	4.7404e-12	0.0089	0.0089
0.0013	0.0018	0.00075	8.5681e-14	1.7264	1.9048e-11	0.7279	5.7038e-12	0.0089	0.0089
0.0014	0.00315	0.0019	4.7519e-13	1.5813	1.0583e-10	0.9619	9.5624e-12	0.0089	0.0089
0.0014	0.0037	0.0025	1.7674e-13	1.4934	3.9364e-11	0.93846	4.6052e-12	0.0089	0.0089
0.00115	0.00125	0.00045	5.2611e-14	1.9332	1.1702e-11	0.54706	5.6922e-12	0.0089	0.0089
0.00095	0.0036	0.00285	2.5138e-13	1.5306	5.5991e-11	0.94909	5.9074e-12	0.0089	0.0089
0.0009	0.0031	0.00275	6.6681e-14	1.2867	1.481e-11	0.73315	4.3669e-12	0.0089	0.0089
0.0024	0.0033	0.00135	1.4626e-13	1.4318	3.2523e-11	0.87318	5.7709e-12	0.0089	0.0089
0.00125	0.0025	0.00155	9.3127e-14	1.4685	2.0682e-11	0.89577	3.2626e-12	0.0089	0.0089
0.00185	0.00525	0.00355	1.5682e-13	1.3432	3.4854e-11	0.89925	5.3895e-12	0.0089	0.0089
0.00095	0.004	0.0034	1.3421e-13	1.2737	2.9864e-11	0.84895	5.9096e-12	0.0089	0.0089
0.00065	0.0027	0.00225	1.041e-13	1.5894	2.3156e-11	0.81181	5.2945e-12	0.0089	0.0089
0.0008	0.00115	0.0007	7.9385e-14	2.015	1.7711e-11	0.68589	5.9731e-12	0.0089	0.0089
0.00095	0.0035	0.0027	1.0351e-13	1.5234	2.3012e-11	0.93782	2.7076e-12	0.0089	0.0089
0.0008	0.00235	0.00185	1.6251e-13	1.7029	3.6159e-11	0.8963	5.6869e-12	0.0089	0.0089
0.00285	0.00385	0.0013	1.1145e-13	1.4293	2.4751e-11	0.88098	4.2258e-12	0.0089	0.0089
0.0007	0.0036	0.0032	1.0097e-13	1.411	2.247e-11	0.83551	4.6976e-12	0.0089	0.0089
0.0027	0.00465	0.0025	2.9429e-13	1.302	6.5443e-11	0.82753	1.4113e-11	0.0089	0.0089
0.0017	0.0047	0.00355	6.7234e-14	1.2943	1.496e-11	0.72693	4.4925e-12	0.0089	0.0089
0.0008	0.00265	0.00215	1.1911e-13	1.6086	2.6549e-11	0.88774	4.3763e-12	0.0089	0.0089
0.0021	0.0056	0.00385	1.1692e-13	1.1403	2.5967e-11	0.82786	5.5931e-12	0.0089	0.0089
0.00125	0.003	0.0019	8.9356e-14	1.4974	1.9905e-11	0.86516	3.6679e-12	0.0089	0.0089
0.0009	0.0018	0.0012	3.8042e-13	1.9796	8.4721e-11	0.80991	1.9504e-11	0.0089	0.0089
0.00155	0.0033	0.00215	5.198e-14	1.3778	1.1619e-11	0.6513	4.3033e-12	0.0089	0.0089
0.00125	0.00365	0.0026	4.2134e-13	1.451	9.3934e-11	0.99038	4.1753e-12	0.0089	0.00885
0.0012	0.00255	0.00125	5.9194e-14	1.4679	1.3151e-11	0.62207	5.2619e-12	0.00885	0.0089
0.001	0.0014	0.0007	5.7926e-14	1.732	1.2828e-11	0.56439	5.9645e-12	0.0089	0.0089
0.001	0.00145	0.00095	5.1652e-14	1.4825	1.1477e-11	0.74072	3.3091e-12	0.0089	0.0089
0.0021	0.0031	0.00135	1.2954e-13	1.4643	2.8838e-11	0.91018	4.1718e-12	0.0089	0.0089
0.0012	0.00305	0.0021	4.4234e-13	1.5535	9.8465e-11	0.98047	6.2786e-12	0.0089	0.0089
0.0009	0.0016	0.00115	8.0496e-14	1.69	1.7886e-11	0.76456	4.7932e-12	0.0089	0.0089
0.0013	0.00135	0.0002	2.6783e-14	1.7752	6.0286e-12	0.30691	5.9427e-12	0.0089	0.0089
0.00095	0.0033	0.00255	5.7333e-13	1.4933	1.2756e-10	0.99003	5.77e-12	0.0089	0.0089
0.0011	0.00355	0.0026	2.7685e-13	1.5408	6.1599e-11	0.97371	4.581e-12	0.0089	0.0089
0.00075	0.00455	0.0042	8.4482e-14	1.4023	1.8785e-11	0.85144	3.6782e-12	0.0089	0.0089
0.00105	0.0027	0.0019	4.3278e-13	1.6216	9.6336e-11	0.96536	8.2775e-12	0.0089	0.0089
0.00075	0.0022	0.0018	1.4597e-13	1.6918	3.2491e-11	0.86858	5.8926e-12	0.0089	0.0089
0.0008	0.00175	0.00135	3.0256e-14	1.5021	1.0002e-11	0.75694	3.3914e-12	0.0089	0.00405
0.00105	0.0019	0.0009	3.1346e-14	1.4512	6.9777e-12	0.43496	4.5919e-12	0.00405	0.0089
0.00085	0.00135	0.00085	8.4327e-14	1.8467	1.8799e-11	0.63161	7.3353e-12	0.0089	0.0089
0.00095	0.0013	0.0007	8.3724e-14	1.6847	1.8612e-11	0.74925	5.2299e-12	0.0089	0.0089
0.00135	0.00225	0.0015	9.5821e-14	1.2335	2.1328e-11	0.83376	4.4897e-12	0.0089	0.0089
0.00705	0.0044	0.0005	6.093e-14	0.97617	1.3519e-11	0.62348	5.3888e-12	0.0089	0.0089
0.0009	0.00365	0.00305	1.6729e-13	1.4965	3.7234e-11	0.96359	3.2846e-12	0.0089	0.0089
0.001	0.00345	0.00265	6.084e-13	1.5315	1.3545e-10	0.98517	7.4991e-12	0.0089	0.0089
0.0007	0.0017	0.0014	5.5367e-14	1.5507	1.2281e-11	0.60176	5.1814e-12	0.0089	0.0089
0.001	0.0024	0.00175	1.595e-13	1.5842	3.55e-11	0.93927	4.1232e-12	0.0089	0.0089
0.001	0.00345	0.003	6.8481e-14	1.4141	1.5208e-11	0.85665	2.9114e-12	0.0089	0.0089
0.00085	0.00305	0.00245	1.5504e-13	1.3544	3.4533e-11	0.91191	4.9401e-12	0.0089	0.0089
0.001	0.00285	0.0022	7.9836e-14	1.5783	1.7805e-11	0.84836	3.5321e-12	0.0089	0.0089
0.0017	0.0033	0.00185	1.0045e-13	1.3749	2.2339e-11	0.91147	3.205e-12	0.0089	0.0089
0.00135	0.00275	0.0016	3.7832e-13	1.58	8.4263e-11	0.96826	6.9142e-12	0.0089	0.0089
0.0014	0.00285	0.00175	1.4694e-13	1.4983	3.2707e-11	0.94219	3.6975e-12	0.0089	0.0089
0.00165	0.00415	0.0027	7.0799e-13	1.4893	1.5753e-10	0.98579	8.5332e-12	0.0089	0.0089
0.00155	0.00355	0.0022	3.6861e-13	1.5053	8.2004e-11	0.98114	5.1357e-12	0.0089	0.0089
0.00105	0.00235	0.0017	1.2158e-13	1.7271	2.7088e-11	0.86896	4.9042e-12	0.0089	0.0089
0.0007	0.0019	0.00145	1.6781e-13	1.8146	3.7397e-11	0.8563	7.1704e-12	0.0089	0.0089
0.00095	0.00105	0.00065	4.5757e-14	1.7185	1.0167e-11	0.62224	4.0659e-12	0.0089	0.0089
0.00095	0.0017	0.00125	4.1587e-14	1.6825	9.3007e-12	0.53263	4.698e-12	0.0089	0.0089
0.0009	0.00215	0.0016	4.0629e-14	1.4574	9.0642e-12	0.55147	4.3586e-12	0.0089	0.0089
0.0023	0.0049	0.00315	8.0433e-14	1.283	1.7838e-11	0.82645	3.8629e-12	0.0089	0.0089
0.00115	0.00255	0.00165	1.9944e-13	1.6403	4.4385e-11	0.92788	5.6701e-12	0.0089	0.0089
0.00135	0.00115	0.0003	4.6297e-14	1.7263	1.0346e-11	0.62965	4.0579e-12	0.0089	0.0089
0.0009	0.00265	0.00195	3.2924e-13	1.6457	7.3309e-11	0.95626	7.1285e-12	0.0089	0.0089
0.0012	0.00455	0.00355	4.6372e-13	1.4748	1.0313e-10	0.95853	9.7479e-12	0.0089	0.0089
0.0018	0.0016	0.00025	4.0934e-14	1.452	2.3711e-11	0.92981	4.2461e-12	0.0089	0.0021
0.00085	0.0007	0.00035	1.478e-14	0.99464	7.3239e-12	0.6036	4.3304e-12	0.0021	0.0024
0.00115	0.0042	0.00135	5.867e-14	1.0154	1.3047e-11	0.35364	1.0971e-11	0.0024	0.0089
0.0008	0.00395	0.00335	3.4475e-13	1.5064	7.671e-11	0.98385	4.4366e-12	0.0089	0.0089
0.001	0.00155	0.00095	4.3337e-14	1.6552	1.194e-11	0.78158	3.3955e-12	0.0089	0.0054
0.0009	0.0033	0.0027	5.8727e-14	1.3299	1.3036e-11	0.73115	3.8665e-12	0.0054	0.0089
0.001	0.0039	0.0031	4.8681e-13	1.499	1.0839e-10	0.99173	4.4586e-12	0.0089	0.0089
0.00115	0.00185	0.00115	2.3083e-14	1.399	9.7892e-12	0.81844	2.9755e-12	0.0089	0.0029
0.001	0.0019	0.00075	2.4626e-15	0.1073	6.5772e-13	0.031722	7.6254e-12	0.0029	0.0049
0.00085	0.0024	0.00205	4.7916e-14	1.5092	1.0682e-11	0.627	4.2189e-12	0.0049	0.0089
0.00085	0.00165	0.00115	2.9612e-13	1.9035	6.5926e-11	0.85299	1.2823e-11	0.0089	0.0089
0.0016	0.0025	0.00115	5.4255e-14	1.5061	1.2135e-11	0.61099	4.9982e-12	0.0089	0.0089
0.0018	0.0056	0.0042	1.8316e-13	1.1112	4.074e-11	0.79967	9.7241e-12	0.0089	0.0089
0.0016	0.00585	0.0045	1.3618e-13	1.101	3.027e-11	0.84266	6.1485e-12	0.0089	0.0089
0.00185	0.00405	0.0024	2.9969e-13	1.4855	6.6643e-11	0.96887	5.4135e-12	0.0089	0.0089
0.0008	0.0012	0.0008	1.9521e-13	1.969	4.3516e-11	0.83749	9.0261e-12	0.0089	0.0089
0.0018	0.0036	0.00235	6.1786e-14	1.1848	1.3723e-11	0.65304	5.0591e-12	0.0089	0.0089
0.001	0.00335	0.0027	1.4032e-13	1.5725	3.1299e-11	0.9335	3.8218e-12	0.0089	0.0089
0.00095	0.00295	0.00225	4.7687e-13	1.5728	1.0613e-10	0.98093	6.6857e-12	0.0089	0.0089
0.00115	0.0025	0.0016	2.091e-13	1.7141	4.6546e-11	0.8946	7.3912e-12	0.0089	0.0089
0.00095	0.00355	0.00275	1.8919e-13	1.5116	4.2096e-11	0.96379	3.7023e-12	0.0089	0.0089
0.00105	0.0016	0.0011	6.3763e-14	1.6636	1.4187e-11	0.75483	3.9189e-12	0.0089	0.0089
0.0012	0.0021	0.0012	7.0505e-14	1.6807	1.5689e-11	0.77572	4.0573e-12	0.0089	0.0089
0.0011	0.00305	0.0021	2.8299e-13	1.5249	6.2939e-11	0.95587	6.1491e-12	0.0089	0.0089
0.0016	0.0051	0.00405	1.057e-13	1.2396	2.353e-11	0.82069	5.2074e-12	0.0089	0.0089
0.0009	0.0026	0.00205	8.1995e-14	1.4525	1.8229e-11	0.77232	4.7662e-12	0.0089	0.0089
0.0012	0.0034	0.00245	1.5575e-13	1.5027	3.4662e-11	0.94076	3.9714e-12	0.0089	0.0089
0.0008	0.00185	0.0013	1.0556e-13	1.7654	2.3526e-11	0.8345	4.9379e-12	0.0089	0.0089
0.0009	0.00285	0.00215	1.5531e-13	1.606	3.4518e-11	0.92388	4.5451e-12	0.0089	0.0089
0.00115	0.0025	0.0017	9.1542e-14	1.4334	2.0334e-11	0.83348	4.2853e-12	0.0089	0.0089
0.00095	0.0023	0.00155	3.2185e-13	1.6415	7.1638e-11	0.95644	6.9505e-12	0.0089	0.0089
0.0018	0.0034	0.0025	1.1297e-13	1.4441	2.5137e-11	0.8583	4.7773e-12	0.0089	0.0089
0.00075	0.00385	0.0035	4.5097e-14	0.95931	1.0067e-11	0.53569	5.0443e-12	0.0089	0.0089
0.00085	0.00325	0.0026	2.0108e-13	1.5689	4.4772e-11	0.94332	5.0072e-12	0.0089	0.0089
