NaN
0.02345
0.21435
0.14295
0.0019
1.4737
0.01645
0.0471
0.5144
0.0383
0.62755
0.2786
0.5224
0.50695
0.21605
0.18315
0.38715
0.12775
0.1493
0.34455
0.2898
0.2809
0.3124
0.0776
0.19975
1.0347
0.07245
0.28565
0.8946
NaN
0.1823
0.0493
0.0184
0.2308
0.00885
0.05535
1.2314
0.77035
0.0214
0.57695
0.1098
0.40235
0.05025
0.04365
0.48355
0.8671
0.0334
0.00405
0.7906
0.0845
0.1245
0.4401
0.02305
0.3475
0.3675
0.52065
0.07545
0.6039
0.14525
0.0762
0.15675
0.1115
0.03135
0.39435
NaN
0.42925
0.2492
0.0314
0.1751
0.03295
1.1325
0.0223
0.1129
0.02165
0.1718
0.0021
0.0024
0.01085
0.32135
0.0054
0.39965
0.52475
0.0029
0.0049
0.1246
0.3864
0.36405
0.18095
0.51205
0.37365
0.3403
0.08725
0.1828
0.4288
0.0269
0.16615
0.02255
0.0496
0.60505
0.38575
0.3359
0.5349
0.37445
0.28315
0.52615
NaN
0.12245
0.03445
