2.6893e-11
2.9639e-11
1.2701e-10
1.4782e-11
3.7952e-11
2.7889e-11
1.3403e-10
1.8031e-11
1.4538e-11
2.2131e-11
1.9048e-11
1.0583e-10
3.9364e-11
1.1702e-11
5.5991e-11
1.481e-11
3.2523e-11
2.0682e-11
3.4854e-11
2.9864e-11
2.3156e-11
1.7711e-11
2.3012e-11
3.6159e-11
2.4751e-11
2.247e-11
6.5443e-11
1.496e-11
2.6549e-11
2.5967e-11
1.9905e-11
8.4721e-11
1.1619e-11
9.3934e-11
1.3151e-11
1.2828e-11
1.1477e-11
2.8838e-11
9.8465e-11
1.7886e-11
6.0286e-12
1.2756e-10
6.1599e-11
1.8785e-11
9.6336e-11
3.2491e-11
1.0002e-11
6.9777e-12
1.8799e-11
1.8612e-11
2.1328e-11
1.3519e-11
3.7234e-11
1.3545e-10
1.2281e-11
3.55e-11
1.5208e-11
3.4533e-11
1.7805e-11
2.2339e-11
8.4263e-11
3.2707e-11
1.5753e-10
8.2004e-11
2.7088e-11
3.7397e-11
1.0167e-11
9.3007e-12
9.0642e-12
1.7838e-11
4.4385e-11
1.0346e-11
7.3309e-11
1.0313e-10
2.3711e-11
7.3239e-12
1.3047e-11
7.671e-11
1.194e-11
1.3036e-11
1.0839e-10
9.7892e-12
6.5772e-13
1.0682e-11
6.5926e-11
1.2135e-11
4.074e-11
3.027e-11
6.6643e-11
4.3516e-11
1.3723e-11
3.1299e-11
1.0613e-10
4.6546e-11
4.2096e-11
1.4187e-11
1.5689e-11
6.2939e-11
2.353e-11
1.8229e-11
3.4662e-11
2.3526e-11
3.4518e-11
2.0334e-11
7.1638e-11
2.5137e-11
1.0067e-11
4.4772e-11
