NaN
0.1965
0.11985
0.49375
0.6844
0.66535
0.24255
0.3378
0.03825
1.155
0.8182
0.3633
0.20575
0.02535
0.0805
0.18575
1.0766
0.6413
0.01725
0.68625
0.34025
0.01655
0.12085
0.234
0.09025
NaN
0.14175
0.2544
0.1539
0.2619
0.2742
0.3561
0.345
0.06115
0.31515
0.0253
0.17805
0.1334
0.1536
0.6322
0.08435
0.12855
0.3941
0.01235
0.007
0.19325
0.18975
0.0184
0.7275
0.1967
0.0377
0.2795
0.13455
0.05635
0.0199
0.06465
0.03485
0.08375
0.04685
0.0517
0.2883
0.40615
0.25655
0.2529
0.93965
0.06925
0.06025
0.10255
0.0641
0.28645
0.2158
0.2981
NaN
0.3273
0.04535
0.8018
0.00945
0.2929
0.5041
0.2997
0.0728
0.0888
0.88425
1.4455
0.292
0.14265
0.70375
0.0067
0.10495
0.3255
0.14905
0.2855
0.4521
0.0441
0.2287
0.36685
0.05275
0.1249
0.5031
0.01755
0.0485
