2.5092e-11
7.7558e-11
8.408e-11
4.3385e-11
5.9755e-11
2.217e-11
1.6151e-10
4.8477e-11
2.7898e-11
1.0663e-10
2.1254e-11
3.4546e-11
3.0971e-11
3.6216e-11
3.6137e-11
8.7486e-11
2.3358e-11
2.3654e-11
5.4076e-11
3.3621e-11
1.9209e-11
4.9037e-11
2.284e-11
3.1993e-11
4.0672e-11
4.4704e-11
4.6743e-11
2.5708e-11
4.9683e-11
5.3186e-11
4.9487e-11
3.0583e-11
5.7202e-11
2.8762e-11
2.1301e-11
3.2493e-11
4.8293e-11
5.2009e-11
1.748e-11
2.8373e-11
2.7789e-11
3.5326e-11
2.1071e-11
3.6946e-11
2.3579e-11
8.6326e-11
3.8102e-11
3.0566e-11
3.0948e-11
1.2838e-10
3.7403e-11
2.3178e-11
1.8719e-11
6.0739e-11
4.7359e-11
2.3098e-11
2.8901e-11
3.5477e-11
3.266e-11
1.0366e-10
2.4626e-11
3.0337e-11
1.4857e-11
3.8579e-11
5.1479e-11
4.1558e-11
3.5274e-11
2.5058e-11
2.0837e-11
1.493e-10
3.8987e-11
4.3825e-11
2.1219e-11
5.5269e-11
3.0509e-11
3.4675e-11
3.3487e-11
4.0188e-11
2.946e-11
5.4473e-11
1.9765e-11
6.9365e-11
1.0603e-10
1.2997e-10
1.083e-10
3.196e-11
2.1312e-11
2.4763e-11
2.1939e-11
3.3595e-11
4.7632e-11
2.0158e-11
2.5391e-11
1.9181e-11
3.819e-11
7.6309e-11
1.0424e-10
2.4266e-11
7.6709e-11
2.9087e-11
5.4388e-11
