3.4129e-12
7.0567e-13
3.643e-12
1.6082e-11
5.7461e-12
3.2608e-12
4.1479e-12
1.8418e-11
1.3267e-11
3.5408e-12
1.5401e-11
3.8588e-12
3.3622e-12
1.6109e-11
3.0397e-12
8.8225e-12
7.7797e-12
3.4823e-12
8.103e-12
1.3441e-11
2.5263e-11
3.7128e-12
2.1381e-12
5.0993e-12
6.7556e-12
1.2454e-11
4.4627e-12
1.5147e-11
1.9141e-11
8.2361e-12
6.5669e-12
6.4356e-12
3.4961e-12
2.7931e-12
5.2066e-12
9.8289e-12
1.1335e-11
2.9733e-12
3.9495e-12
2.7013e-12
1.4981e-11
1.0099e-11
1.4481e-12
5.3602e-12
5.2774e-12
1.163e-11
8.1782e-12
3.3649e-12
3.067e-11
1.1081e-11
1.0703e-11
1.0899e-11
5.7832e-12
4.6658e-12
4.8356e-12
6.1844e-12
6.1524e-12
5.0149e-12
1.0354e-11
1.0761e-11
2.7712e-12
9.6172e-12
1.5834e-11
3.3714e-12
1.7118e-11
6.729e-12
6.2896e-12
1.4369e-11
2.0453e-11
1.74e-11
2.2069e-12
4.2406e-12
2.185e-11
5.1581e-12
1.5238e-11
2.6323e-11
1.98e-11
2.7263e-11
4.412e-12
6.158e-12
3.4598e-12
7.6314e-12
9.1637e-12
1.6539e-11
4.9598e-12
2.3304e-11
9.0571e-12
4.3958e-12
3.3537e-12
3.9143e-12
3.533e-12
1.4673e-11
2.2769e-12
9.411e-12
1.0911e-11
2.6044e-11
1.0903e-11
1.1495e-11
9.8573e-12
7.7869e-12
2.9595e-11
4.984e-12
4.028e-12
1.6219e-11
8.7899e-12
1.8239e-11
2.7554e-11
1.3124e-11
6.6296e-12
3.1677e-12
2.3436e-11
5.902e-12
2.7696e-11
1.5573e-11
5.5226e-12
1.4725e-11
2.0923e-11
4.1766e-12
2.3015e-11
1.7305e-11
9.0845e-12
9.2499e-12
1.9537e-11
2.0568e-11
2.3174e-11
