2.7551e-11
1.8559e-11
7.4839e-12
2.3965e-11
6.5771e-12
2.4975e-11
2.1716e-11
1.9381e-11
7.0167e-12
9.9879e-12
1.9365e-11
3.003e-11
2.3374e-12
1.1978e-11
1.9209e-11
1.8104e-11
6.2021e-12
5.7695e-12
1.086e-11
5.667e-12
9.6153e-12
9.2035e-12
8.1374e-12
2.8589e-12
1.542e-11
2.3176e-11
1.024e-11
9.3626e-12
8.4024e-12
1.4171e-11
1.1981e-11
1.9219e-11
5.8425e-12
2.1573e-11
2.7757e-11
2.6622e-11
5.5025e-12
7.9955e-12
8.6776e-12
2.1295e-11
2.7007e-11
2.2177e-11
2.4854e-11
1.9682e-11
1.6188e-11
3.0457e-12
5.3621e-12
4.9546e-12
1.0233e-12
1.0875e-11
5.7464e-12
3.7458e-12
8.8395e-12
1.1399e-11
4.4147e-12
1.1884e-11
1.0301e-11
5.3408e-12
4.1378e-12
1.6832e-11
3.1621e-12
8.9224e-12
6.0789e-12
6.6571e-12
2.0344e-11
9.9164e-12
1.2527e-11
1.1564e-11
5.7996e-12
9.8943e-12
7.6207e-12
6.3203e-12
6.7378e-12
1.3265e-11
7.2806e-12
4.8529e-12
2.4798e-12
