2.0416e-11
7.8184e-12
5.8864e-12
1.9256e-11
2.2384e-12
8.4532e-12
1.4583e-11
7.7397e-12
3.1561e-11
1.2698e-11
2.1784e-11
7.117e-12
1.5776e-11
6.9478e-12
2.7974e-12
7.6623e-12
1.6645e-11
2.43e-11
5.5866e-12
1.6103e-11
2.1397e-11
7.9837e-12
2.3048e-11
2.2917e-11
2.0397e-11
1.4347e-11
1.5108e-12
8.2862e-12
8.239e-12
1.0568e-11
1.6448e-11
8.7959e-12
1.881e-12
7.3495e-12
5.8414e-12
6.0699e-12
1.0275e-11
1.4137e-12
5.493e-12
7.7556e-12
2.2108e-11
1.816e-11
2.1488e-11
1.3941e-11
9.7204e-12
1.6943e-11
7.3772e-12
2.1326e-11
1.7897e-11
1.7169e-11
2.3039e-11
2.0032e-11
2.1287e-11
7.2495e-12
1.1253e-11
1.4368e-11
1.1238e-11
8.5445e-12
5.3955e-12
1.201e-11
1.1986e-11
1.4693e-11
9.2858e-12
1.0076e-11
8.937e-12
6.7928e-12
7.2097e-12
1.0285e-11
9.7732e-12
8.0535e-12
5.0241e-12
7.1953e-12
1.2581e-11
1.2977e-11
9.4893e-12
2.5053e-11
3.1617e-11
2.4945e-11
5.7423e-12
2.1825e-11
7.8378e-12
2.0603e-11
9.4306e-12
7.9549e-12
2.8089e-11
2.5589e-11
1.0333e-11
2.7543e-11
8.5968e-12
7.6048e-12
7.1269e-12
5.8578e-12
2.4316e-11
2.2072e-11
2.0857e-11
1.8784e-11
2.0062e-11
2.5436e-11
2.8335e-11
5.3834e-12
6.3994e-12
3.4849e-12
1.8694e-11
2.4582e-11
1.7175e-11
6.467e-12
7.7813e-12
7.6682e-12
1.4174e-11
8.3597e-12
9.3696e-12
1.2893e-11
1.4329e-11
5.8641e-12
2.4446e-12
1.8943e-11
3.0356e-11
4.6811e-12
7.4063e-12
6.1681e-12
4.5425e-12
1.0179e-11
1.434e-12
