   0.0000000e+00	  -7.8018684e-13	
   5.0000000e-05	  -7.9831817e-13	
   1.0000000e-04	  -7.4322363e-13	
   1.5000000e-04	  -8.3648236e-13	
   2.0000000e-04	  -5.6580213e-13	
   2.5000000e-04	  -5.5379844e-13	
   3.0000000e-04	  -5.8917557e-13	
   3.5000000e-04	  -6.7325540e-13	
   4.0000000e-04	  -5.5568950e-13	
   4.5000000e-04	  -5.8287847e-13	
   5.0000000e-04	  -6.0111399e-13	
   5.5000000e-04	  -4.6827754e-13	
   6.0000000e-04	  -5.4602026e-13	
   6.5000000e-04	  -5.1400247e-13	
   7.0000000e-04	  -5.6465672e-13	
   7.5000000e-04	  -5.5924343e-13	
   8.0000000e-04	  -6.2851341e-13	
   8.5000000e-04	  -4.7272350e-13	
   9.0000000e-04	  -5.6564703e-13	
   9.5000000e-04	  -4.6531062e-13	
   1.0000000e-03	  -5.4419013e-13	
   1.0500000e-03	  -5.5663395e-13	
   1.1000000e-03	  -6.3322221e-13	
   1.1500000e-03	  -5.3758148e-13	
   1.2000000e-03	  -4.9820326e-13	
   1.2500000e-03	  -4.9152813e-13	
   1.3000000e-03	  -5.6812042e-13	
   1.3500000e-03	  -5.1444103e-13	
   1.4000000e-03	  -2.9813158e-13	
   1.4500000e-03	  -3.8187379e-13	
   1.5000000e-03	  -5.7736151e-13	
   1.5500000e-03	  -6.0389421e-13	
   1.6000000e-03	  -7.1041870e-13	
   1.6500000e-03	  -6.8775497e-13	
   1.7000000e-03	  -6.9065391e-13	
   1.7500000e-03	  -6.7725838e-13	
   1.8000000e-03	  -5.1144253e-13	
   1.8500000e-03	  -3.6521936e-13	
   1.9000000e-03	  -3.0932071e-13	
   1.9500000e-03	  -2.7462947e-13	
   2.0000000e-03	  -1.8743804e-13	
   2.0500000e-03	  -1.8954747e-13	
   2.1000000e-03	  -3.0739333e-13	
   2.1500000e-03	  -2.5275745e-13	
   2.2000000e-03	  -2.0579643e-13	
   2.2500000e-03	  -2.9880493e-13	
   2.3000000e-03	  -3.7215890e-13	
   2.3500000e-03	  -4.2443176e-13	
   2.4000000e-03	  -3.3452234e-13	
   2.4500000e-03	  -1.6072397e-13	
   2.5000000e-03	  -1.3238759e-13	
   2.5500000e-03	  -1.7119463e-13	
   2.6000000e-03	  -2.8014303e-13	
   2.6500000e-03	  -2.9397405e-13	
   2.7000000e-03	  -2.1926319e-13	
   2.7500000e-03	  -6.4841741e-14	
   2.8000000e-03	  -7.1855065e-14	
   2.8500000e-03	  -3.8949041e-14	
   2.9000000e-03	   1.0006536e-14	
   2.9500000e-03	   1.1443990e-13	
   3.0000000e-03	  -3.9863729e-14	
   3.0500000e-03	  -4.3516839e-14	
   3.1000000e-03	  -3.8036631e-14	
   3.1500000e-03	  -4.0389567e-14	
   3.2000000e-03	  -7.2495937e-14	
   3.2500000e-03	  -2.1422425e-14	
   3.3000000e-03	  -2.2719863e-14	
   3.3500000e-03	  -5.6352709e-14	
   3.4000000e-03	  -9.9757659e-14	
   3.4500000e-03	   4.7587585e-14	
   3.5000000e-03	  -2.8008195e-14	
   3.5500000e-03	  -6.2758175e-14	
   3.6000000e-03	  -8.5465706e-14	
   3.6500000e-03	  -1.9314249e-13	
   3.7000000e-03	  -2.1761629e-13	
   3.7500000e-03	  -2.0620094e-13	
   3.8000000e-03	  -4.3350545e-13	
   3.8500000e-03	  -4.2287235e-13	
   3.9000000e-03	  -4.2324824e-13	
   3.9500000e-03	  -3.1927840e-13	
   4.0000000e-03	  -3.1554425e-13	
   4.0500000e-03	  -3.0079189e-13	
   4.1000000e-03	  -2.8462736e-13	
   4.1500000e-03	  -1.7204163e-13	
   4.2000000e-03	  -1.3934557e-13	
   4.2500000e-03	   2.7352686e-14	
   4.3000000e-03	   2.6149655e-14	
   4.3500000e-03	  -2.0703925e-15	
   4.4000000e-03	   9.5143728e-14	
   4.4500000e-03	   1.3377754e-13	
   4.5000000e-03	   8.2195535e-14	
   4.5500000e-03	   1.3520673e-13	
   4.6000000e-03	  -2.2091676e-14	
   4.6500000e-03	  -1.1983860e-13	
   4.7000000e-03	  -1.2524638e-13	
   4.7500000e-03	  -2.2826820e-13	
   4.8000000e-03	  -2.9742094e-13	
   4.8500000e-03	  -2.7495584e-13	
   4.9000000e-03	  -1.4968216e-13	
   4.9500000e-03	  -1.1502775e-14	
   5.0000000e-03	   2.5723781e-15	
   5.0500000e-03	   1.1338803e-14	
   5.1000000e-03	   9.3204985e-14	
   5.1500000e-03	   9.2172797e-14	
   5.2000000e-03	   1.2146957e-13	
   5.2500000e-03	   1.1432088e-13	
   5.3000000e-03	   1.4648759e-13	
   5.3500000e-03	   1.2908517e-13	
   5.4000000e-03	   4.6759200e-14	
   5.4500000e-03	   7.8736388e-15	
   5.5000000e-03	  -4.1478756e-14	
   5.5500000e-03	  -3.0388463e-13	
   5.6000000e-03	  -2.3877344e-13	
   5.6500000e-03	  -2.3352595e-13	
   5.7000000e-03	  -2.3857533e-13	
   5.7500000e-03	  -1.4181148e-14	
   5.8000000e-03	  -2.0301360e-14	
   5.8500000e-03	  -1.1750095e-14	
   5.9000000e-03	   4.7644356e-14	
   5.9500000e-03	   6.9689609e-14	
   6.0000000e-03	   1.0092469e-13	
   6.0500000e-03	  -5.1884658e-14	
   6.1000000e-03	   2.2528420e-14	
   6.1500000e-03	   1.1701100e-13	
   6.2000000e-03	   7.9728541e-14	
   6.2500000e-03	  -1.2949602e-14	
   6.3000000e-03	   4.2516988e-14	
   6.3500000e-03	  -3.0424881e-14	
   6.4000000e-03	   3.2343811e-14	
   6.4500000e-03	   1.0593100e-13	
   6.5000000e-03	   6.3464425e-14	
   6.5500000e-03	   1.9666126e-14	
   6.6000000e-03	   4.1260940e-15	
   6.6500000e-03	  -2.4437483e-14	
   6.7000000e-03	  -1.5170656e-13	
   6.7500000e-03	  -2.0347428e-13	
   6.8000000e-03	  -2.4819117e-13	
   6.8500000e-03	  -3.7688299e-13	
   6.9000000e-03	  -3.3996872e-13	
   6.9500000e-03	  -3.0992331e-13	
   7.0000000e-03	  -2.6064025e-13	
   7.0500000e-03	  -1.6235711e-13	
   7.1000000e-03	  -4.4817475e-14	
   7.1500000e-03	  -1.2474906e-13	
   7.2000000e-03	  -2.9029296e-14	
   7.2500000e-03	   1.7756846e-14	
   7.3000000e-03	  -1.4152156e-13	
   7.3500000e-03	  -2.1688489e-13	
   7.4000000e-03	  -2.8562068e-13	
   7.4500000e-03	  -4.3377259e-13	
   7.5000000e-03	  -3.6609301e-13	
   7.5500000e-03	  -3.9283420e-13	
   7.6000000e-03	  -3.9972813e-13	
   7.6500000e-03	  -3.0346949e-13	
   7.7000000e-03	  -3.1562708e-13	
   7.7500000e-03	  -2.5318940e-13	
   7.8000000e-03	  -1.9489033e-13	
   7.8500000e-03	  -1.5494116e-13	
   7.9000000e-03	  -2.0868073e-13	
   7.9500000e-03	  -3.2847791e-13	
   8.0000000e-03	  -2.3274308e-13	
   8.0500000e-03	  -3.3288736e-13	
   8.1000000e-03	  -4.2646962e-13	
   8.1500000e-03	  -4.0108455e-13	
   8.2000000e-03	  -3.5652574e-13	
   8.2500000e-03	  -4.3077542e-13	
   8.3000000e-03	  -4.3059512e-13	
   8.3500000e-03	  -4.0147182e-13	
   8.4000000e-03	  -4.9506425e-13	
   8.4500000e-03	  -4.0146077e-13	
   8.5000000e-03	  -5.0299549e-13	
   8.5500000e-03	  -5.9066532e-13	
   8.6000000e-03	  -5.9278380e-13	
   8.6500000e-03	  -4.9557190e-13	
   8.7000000e-03	  -4.8536712e-13	
   8.7500000e-03	  -5.0396427e-13	
   8.8000000e-03	  -4.5202318e-13	
   8.8500000e-03	  -4.6188682e-13	
   8.9000000e-03	  -5.6345076e-13	
   8.9500000e-03	  -6.3780686e-13	
   9.0000000e-03	  -6.5528935e-13	
   9.0500000e-03	  -5.3441257e-13	
   9.1000000e-03	  -5.8766121e-13	
   9.1500000e-03	  -6.3969218e-13	
   9.2000000e-03	  -5.9237793e-13	
   9.2500000e-03	  -5.3636717e-13	
   9.3000000e-03	  -5.4750367e-13	
   9.3500000e-03	  -6.3092327e-13	
   9.4000000e-03	  -5.4059253e-13	
   9.4500000e-03	  -3.9561280e-13	
   9.5000000e-03	  -2.7954570e-13	
   9.5500000e-03	  -3.0983441e-13	
   9.6000000e-03	  -1.0600749e-13	
   9.6500000e-03	  -2.0467785e-14	
   9.7000000e-03	  -1.7306398e-13	
   9.7500000e-03	  -2.9796407e-13	
   9.8000000e-03	  -3.8842237e-13	
   9.8500000e-03	  -5.0701630e-13	
   9.9000000e-03	  -5.8500947e-13	
   9.9500000e-03	  -8.2522314e-13	
   1.0000000e-02	  -1.2765268e-12	
   1.0050000e-02	  -1.4953171e-12	
   1.0100000e-02	  -1.9113799e-12	
   1.0150000e-02	  -2.2682713e-12	
   1.0200000e-02	  -2.4463046e-12	
   1.0250000e-02	  -2.8860122e-12	
   1.0300000e-02	  -3.3388333e-12	
   1.0350000e-02	  -3.7813761e-12	
   1.0400000e-02	  -4.1630063e-12	
   1.0450000e-02	  -4.7551993e-12	
   1.0500000e-02	  -5.1775617e-12	
   1.0550000e-02	  -5.4585752e-12	
   1.0600000e-02	  -5.7367138e-12	
   1.0650000e-02	  -6.0896193e-12	
   1.0700000e-02	  -6.3033311e-12	
   1.0750000e-02	  -6.6148567e-12	
   1.0800000e-02	  -7.0432361e-12	
   1.0850000e-02	  -7.1453488e-12	
   1.0900000e-02	  -7.3986143e-12	
   1.0950000e-02	  -7.5661326e-12	
   1.1000000e-02	  -7.9492014e-12	
   1.1050000e-02	  -7.9970658e-12	
   1.1100000e-02	  -8.0514130e-12	
   1.1150000e-02	  -7.8649628e-12	
   1.1200000e-02	  -7.6788062e-12	
   1.1250000e-02	  -7.6437786e-12	
   1.1300000e-02	  -7.3429273e-12	
   1.1350000e-02	  -7.1852725e-12	
   1.1400000e-02	  -7.4046823e-12	
   1.1450000e-02	  -7.5188133e-12	
   1.1500000e-02	  -7.6682215e-12	
   1.1550000e-02	  -7.8914853e-12	
   1.1600000e-02	  -8.1612862e-12	
   1.1650000e-02	  -8.5541108e-12	
   1.1700000e-02	  -8.7469483e-12	
   1.1750000e-02	  -8.5279013e-12	
   1.1800000e-02	  -8.3725256e-12	
   1.1850000e-02	  -8.2597026e-12	
   1.1900000e-02	  -8.2947856e-12	
   1.1950000e-02	  -8.4914163e-12	
   1.2000000e-02	  -8.5453431e-12	
   1.2050000e-02	  -8.3383697e-12	
   1.2100000e-02	  -8.0516824e-12	
   1.2150000e-02	  -8.0973762e-12	
   1.2200000e-02	  -8.0816665e-12	
   1.2250000e-02	  -8.2934416e-12	
   1.2300000e-02	  -8.6770682e-12	
   1.2350000e-02	  -8.6299947e-12	
   1.2400000e-02	  -8.6657439e-12	
   1.2450000e-02	  -8.7831222e-12	
   1.2500000e-02	  -8.6082503e-12	
   1.2550000e-02	  -8.4262292e-12	
   1.2600000e-02	  -8.5556132e-12	
   1.2650000e-02	  -8.5383393e-12	
   1.2700000e-02	  -8.8576619e-12	
   1.2750000e-02	  -8.8350072e-12	
   1.2800000e-02	  -8.6708607e-12	
   1.2850000e-02	  -8.7758393e-12	
   1.2900000e-02	  -8.8287414e-12	
   1.2950000e-02	  -8.7447531e-12	
   1.3000000e-02	  -8.5758882e-12	
   1.3050000e-02	  -8.2225042e-12	
   1.3100000e-02	  -8.2861755e-12	
   1.3150000e-02	  -8.3125108e-12	
   1.3200000e-02	  -8.1844763e-12	
   1.3250000e-02	  -8.0702916e-12	
   1.3300000e-02	  -7.9398003e-12	
   1.3350000e-02	  -8.0739241e-12	
   1.3400000e-02	  -8.2133717e-12	
   1.3450000e-02	  -8.1888022e-12	
   1.3500000e-02	  -8.0754973e-12	
   1.3550000e-02	  -7.9295030e-12	
   1.3600000e-02	  -7.8802203e-12	
   1.3650000e-02	  -7.9027323e-12	
   1.3700000e-02	  -7.6287282e-12	
   1.3750000e-02	  -7.5953436e-12	
   1.3800000e-02	  -7.4257629e-12	
   1.3850000e-02	  -7.3119501e-12	
   1.3900000e-02	  -7.4412824e-12	
   1.3950000e-02	  -7.6771109e-12	
   1.4000000e-02	  -7.9125899e-12	
   1.4050000e-02	  -7.9085015e-12	
   1.4100000e-02	  -7.8832995e-12	
   1.4150000e-02	  -7.8896000e-12	
   1.4200000e-02	  -7.8740586e-12	
   1.4250000e-02	  -7.9681483e-12	
   1.4300000e-02	  -8.0444206e-12	
   1.4350000e-02	  -7.7567647e-12	
   1.4400000e-02	  -7.4795142e-12	
   1.4450000e-02	  -7.3829851e-12	
   1.4500000e-02	  -7.3312718e-12	
   1.4550000e-02	  -7.5267820e-12	
   1.4600000e-02	  -7.2690686e-12	
   1.4650000e-02	  -7.4040303e-12	
   1.4700000e-02	  -7.2628973e-12	
   1.4750000e-02	  -7.0464593e-12	
   1.4800000e-02	  -6.9453735e-12	
   1.4850000e-02	  -6.6958437e-12	
   1.4900000e-02	  -6.3637760e-12	
   1.4950000e-02	  -6.5201416e-12	
   1.5000000e-02	  -6.4373134e-12	
   1.5050000e-02	  -6.6068761e-12	
   1.5100000e-02	  -6.6802080e-12	
   1.5150000e-02	  -6.5951372e-12	
   1.5200000e-02	  -6.7242982e-12	
   1.5250000e-02	  -7.1631160e-12	
   1.5300000e-02	  -7.1227707e-12	
   1.5350000e-02	  -6.9903193e-12	
   1.5400000e-02	  -6.9057481e-12	
   1.5450000e-02	  -6.6722409e-12	
   1.5500000e-02	  -6.5319798e-12	
   1.5550000e-02	  -6.4824934e-12	
   1.5600000e-02	  -6.6591403e-12	
   1.5650000e-02	  -6.8574532e-12	
   1.5700000e-02	  -6.9695302e-12	
   1.5750000e-02	  -6.9228041e-12	
   1.5800000e-02	  -6.8461875e-12	
   1.5850000e-02	  -6.6323030e-12	
   1.5900000e-02	  -6.7959334e-12	
   1.5950000e-02	  -6.5553799e-12	
   1.6000000e-02	  -6.6119293e-12	
   1.6050000e-02	  -6.6581966e-12	
   1.6100000e-02	  -6.7410890e-12	
   1.6150000e-02	  -6.5457110e-12	
   1.6200000e-02	  -6.2182507e-12	
   1.6250000e-02	  -6.0131370e-12	
   1.6300000e-02	  -5.9003384e-12	
   1.6350000e-02	  -5.8039988e-12	
   1.6400000e-02	  -5.7659936e-12	
   1.6450000e-02	  -5.9044212e-12	
   1.6500000e-02	  -5.7949598e-12	
   1.6550000e-02	  -5.5538749e-12	
   1.6600000e-02	  -5.4975334e-12	
   1.6650000e-02	  -5.2866726e-12	
   1.6700000e-02	  -5.4636410e-12	
   1.6750000e-02	  -5.6157704e-12	
   1.6800000e-02	  -5.7234066e-12	
   1.6850000e-02	  -5.8829445e-12	
   1.6900000e-02	  -5.8651254e-12	
   1.6950000e-02	  -5.8256848e-12	
   1.7000000e-02	  -5.7382491e-12	
   1.7050000e-02	  -5.5723145e-12	
   1.7100000e-02	  -5.5037212e-12	
   1.7150000e-02	  -5.3525710e-12	
   1.7200000e-02	  -5.2733777e-12	
   1.7250000e-02	  -5.4553525e-12	
   1.7300000e-02	  -5.2480091e-12	
   1.7350000e-02	  -5.4645234e-12	
   1.7400000e-02	  -5.5502508e-12	
   1.7450000e-02	  -5.7558363e-12	
   1.7500000e-02	  -5.7315544e-12	
   1.7550000e-02	  -5.6329323e-12	
   1.7600000e-02	  -5.5420949e-12	
   1.7650000e-02	  -5.5851160e-12	
   1.7700000e-02	  -5.3600572e-12	
   1.7750000e-02	  -5.3042963e-12	
   1.7800000e-02	  -5.3596676e-12	
   1.7850000e-02	  -5.3729759e-12	
   1.7900000e-02	  -5.2365085e-12	
   1.7950000e-02	  -5.2837270e-12	
   1.8000000e-02	  -5.3499074e-12	
   1.8050000e-02	  -5.3685786e-12	
   1.8100000e-02	  -5.1819590e-12	
   1.8150000e-02	  -5.1966375e-12	
   1.8200000e-02	  -5.1398496e-12	
   1.8250000e-02	  -5.1915902e-12	
   1.8300000e-02	  -5.2030264e-12	
   1.8350000e-02	  -5.0201171e-12	
   1.8400000e-02	  -5.0102311e-12	
   1.8450000e-02	  -5.0519402e-12	
   1.8500000e-02	  -4.8850737e-12	
   1.8550000e-02	  -5.0206467e-12	
   1.8600000e-02	  -5.2144638e-12	
   1.8650000e-02	  -5.1280064e-12	
   1.8700000e-02	  -5.0414561e-12	
   1.8750000e-02	  -4.6639693e-12	
   1.8800000e-02	  -4.5967147e-12	
   1.8850000e-02	  -4.4405619e-12	
   1.8900000e-02	  -4.3859974e-12	
   1.8950000e-02	  -4.5422409e-12	
   1.9000000e-02	  -4.6872916e-12	
   1.9050000e-02	  -4.5602994e-12	
   1.9100000e-02	  -4.7158445e-12	
   1.9150000e-02	  -4.7712085e-12	
   1.9200000e-02	  -4.7471167e-12	
   1.9250000e-02	  -4.7648760e-12	
   1.9300000e-02	  -4.8851451e-12	
   1.9350000e-02	  -4.8012547e-12	
   1.9400000e-02	  -4.8174203e-12	
   1.9450000e-02	  -4.6278010e-12	
   1.9500000e-02	  -4.5032592e-12	
   1.9550000e-02	  -4.5053598e-12	
   1.9600000e-02	  -4.7111139e-12	
   1.9650000e-02	  -4.5213382e-12	
   1.9700000e-02	  -4.3459518e-12	
   1.9750000e-02	  -4.2998786e-12	
   1.9800000e-02	  -4.2739034e-12	
   1.9850000e-02	  -4.2195054e-12	
   1.9900000e-02	  -4.0308416e-12	
   1.9950000e-02	  -4.0950696e-12	
   2.0000000e-02	  -4.1732947e-12	
   2.0050000e-02	  -4.1837545e-12	
   2.0100000e-02	  -4.2313070e-12	
   2.0150000e-02	  -4.3432814e-12	
   2.0200000e-02	  -4.3400145e-12	
   2.0250000e-02	  -4.4996992e-12	
   2.0300000e-02	  -4.3092658e-12	
   2.0350000e-02	  -3.9633138e-12	
   2.0400000e-02	  -3.9717054e-12	
   2.0450000e-02	  -4.0988430e-12	
   2.0500000e-02	  -4.0512767e-12	
   2.0550000e-02	  -3.9658938e-12	
   2.0600000e-02	  -3.8257989e-12	
   2.0650000e-02	  -3.6551761e-12	
   2.0700000e-02	  -3.4737259e-12	
   2.0750000e-02	  -3.3992854e-12	
   2.0800000e-02	  -3.3626601e-12	
   2.0850000e-02	  -3.3551986e-12	
   2.0900000e-02	  -3.3179685e-12	
   2.0950000e-02	  -3.2256020e-12	
   2.1000000e-02	  -3.2529071e-12	
   2.1050000e-02	  -3.2092597e-12	
   2.1100000e-02	  -3.1931443e-12	
   2.1150000e-02	  -3.1587601e-12	
   2.1200000e-02	  -3.1370062e-12	
   2.1250000e-02	  -3.3746951e-12	
   2.1300000e-02	  -3.0212278e-12	
   2.1350000e-02	  -3.3083303e-12	
   2.1400000e-02	  -3.1128961e-12	
   2.1450000e-02	  -3.1166025e-12	
   2.1500000e-02	  -3.2430732e-12	
   2.1550000e-02	  -3.2512825e-12	
   2.1600000e-02	  -3.2031413e-12	
   2.1650000e-02	  -3.2379035e-12	
   2.1700000e-02	  -3.1792845e-12	
   2.1750000e-02	  -3.1067700e-12	
   2.1800000e-02	  -3.1262057e-12	
   2.1850000e-02	  -3.0350097e-12	
   2.1900000e-02	  -3.0171937e-12	
   2.1950000e-02	  -3.1004004e-12	
   2.2000000e-02	  -3.0988382e-12	
   2.2050000e-02	  -3.0894113e-12	
   2.2100000e-02	  -3.1373322e-12	
   2.2150000e-02	  -3.2323400e-12	
   2.2200000e-02	  -3.2279152e-12	
   2.2250000e-02	  -3.1634399e-12	
   2.2300000e-02	  -3.0600151e-12	
   2.2350000e-02	  -2.9582940e-12	
   2.2400000e-02	  -2.9865793e-12	
   2.2450000e-02	  -3.1020293e-12	
   2.2500000e-02	  -3.1496698e-12	
   2.2550000e-02	  -3.1530271e-12	
   2.2600000e-02	  -3.1727782e-12	
   2.2650000e-02	  -3.0141274e-12	
   2.2700000e-02	  -2.9551889e-12	
   2.2750000e-02	  -2.9206553e-12	
   2.2800000e-02	  -2.9633673e-12	
   2.2850000e-02	  -3.1057748e-12	
   2.2900000e-02	  -3.0290658e-12	
   2.2950000e-02	  -2.9462709e-12	
   2.3000000e-02	  -3.0973924e-12	
   2.3050000e-02	  -3.0404806e-12	
   2.3100000e-02	  -3.2264391e-12	
   2.3150000e-02	  -2.9347449e-12	
   2.3200000e-02	  -2.9372068e-12	
   2.3250000e-02	  -3.1058264e-12	
   2.3300000e-02	  -2.9686817e-12	
   2.3350000e-02	  -2.9148821e-12	
   2.3400000e-02	  -2.8241214e-12	
   2.3450000e-02	  -2.8639764e-12	
   2.3500000e-02	  -2.8009417e-12	
   2.3550000e-02	  -2.6496886e-12	
   2.3600000e-02	  -2.7904159e-12	
   2.3650000e-02	  -2.7853316e-12	
   2.3700000e-02	  -2.7207385e-12	
   2.3750000e-02	  -2.7306499e-12	
   2.3800000e-02	  -2.5572436e-12	
   2.3850000e-02	  -2.5562755e-12	
   2.3900000e-02	  -2.7058440e-12	
   2.3950000e-02	  -2.6290400e-12	
   2.4000000e-02	  -2.5030063e-12	
   2.4050000e-02	  -2.4109162e-12	
   2.4100000e-02	  -2.1842775e-12	
   2.4150000e-02	  -2.2803581e-12	
   2.4200000e-02	  -2.2980999e-12	
   2.4250000e-02	  -2.2492802e-12	
   2.4300000e-02	  -2.1303634e-12	
   2.4350000e-02	  -2.1161465e-12	
   2.4400000e-02	  -2.0872314e-12	
   2.4450000e-02	  -2.0498995e-12	
   2.4500000e-02	  -1.9763757e-12	
   2.4550000e-02	  -2.0269446e-12	
   2.4600000e-02	  -2.0466414e-12	
   2.4650000e-02	  -2.0836770e-12	
   2.4700000e-02	  -2.1315042e-12	
   2.4750000e-02	  -2.2624617e-12	
   2.4800000e-02	  -2.1803698e-12	
   2.4850000e-02	  -2.4341872e-12	
   2.4900000e-02	  -2.4958074e-12	
   2.4950000e-02	  -2.5899942e-12	
   2.5000000e-02	  -2.5315986e-12	
   2.5050000e-02	  -2.5409764e-12	
   2.5100000e-02	  -2.5039636e-12	
   2.5150000e-02	  -2.3021238e-12	
   2.5200000e-02	  -2.1406267e-12	
   2.5250000e-02	  -2.2892640e-12	
   2.5300000e-02	  -2.0785721e-12	
   2.5350000e-02	  -1.9447502e-12	
   2.5400000e-02	  -1.8487213e-12	
   2.5450000e-02	  -1.9886649e-12	
   2.5500000e-02	  -2.2131520e-12	
   2.5550000e-02	  -2.1494446e-12	
   2.5600000e-02	  -2.0882688e-12	
   2.5650000e-02	  -2.1828709e-12	
   2.5700000e-02	  -2.2377055e-12	
   2.5750000e-02	  -2.1934368e-12	
   2.5800000e-02	  -2.2193762e-12	
   2.5850000e-02	  -2.1580977e-12	
   2.5900000e-02	  -2.1427075e-12	
   2.5950000e-02	  -2.2058531e-12	
   2.6000000e-02	  -2.2406168e-12	
   2.6050000e-02	  -2.2711620e-12	
   2.6100000e-02	  -2.0689409e-12	
   2.6150000e-02	  -2.0840707e-12	
   2.6200000e-02	  -2.0309913e-12	
   2.6250000e-02	  -2.0771648e-12	
   2.6300000e-02	  -2.0110515e-12	
   2.6350000e-02	  -1.8855976e-12	
   2.6400000e-02	  -1.9388250e-12	
   2.6450000e-02	  -2.0496237e-12	
   2.6500000e-02	  -1.9847657e-12	
   2.6550000e-02	  -1.9599259e-12	
   2.6600000e-02	  -1.9194494e-12	
   2.6650000e-02	  -1.8199394e-12	
   2.6700000e-02	  -1.6563005e-12	
   2.6750000e-02	  -1.8499234e-12	
   2.6800000e-02	  -1.8806807e-12	
   2.6850000e-02	  -1.8345572e-12	
   2.6900000e-02	  -1.8612859e-12	
   2.6950000e-02	  -1.8061670e-12	
   2.7000000e-02	  -1.9505153e-12	
   2.7050000e-02	  -2.0618489e-12	
   2.7100000e-02	  -2.0899660e-12	
   2.7150000e-02	  -2.1660299e-12	
   2.7200000e-02	  -2.0429240e-12	
   2.7250000e-02	  -1.9943168e-12	
   2.7300000e-02	  -1.8549546e-12	
   2.7350000e-02	  -1.8636308e-12	
   2.7400000e-02	  -1.7717440e-12	
   2.7450000e-02	  -1.7217902e-12	
   2.7500000e-02	  -1.8314499e-12	
   2.7550000e-02	  -1.7642094e-12	
   2.7600000e-02	  -1.7646595e-12	
   2.7650000e-02	  -1.8057821e-12	
   2.7700000e-02	  -1.7407094e-12	
   2.7750000e-02	  -1.9057950e-12	
   2.7800000e-02	  -1.8344647e-12	
   2.7850000e-02	  -2.0033170e-12	
   2.7900000e-02	  -1.8769352e-12	
   2.7950000e-02	  -1.9443105e-12	
   2.8000000e-02	  -2.0229703e-12	
   2.8050000e-02	  -1.8953576e-12	
   2.8100000e-02	  -1.8701340e-12	
   2.8150000e-02	  -1.9936257e-12	
   2.8200000e-02	  -1.9318298e-12	
   2.8250000e-02	  -1.9386840e-12	
   2.8300000e-02	  -1.9332372e-12	
   2.8350000e-02	  -1.7449866e-12	
   2.8400000e-02	  -1.5709422e-12	
   2.8450000e-02	  -1.4007591e-12	
   2.8500000e-02	  -1.3443517e-12	
   2.8550000e-02	  -1.3979551e-12	
   2.8600000e-02	  -1.3850991e-12	
   2.8650000e-02	  -1.4516366e-12	
   2.8700000e-02	  -1.5386488e-12	
   2.8750000e-02	  -1.6638767e-12	
   2.8800000e-02	  -1.6275169e-12	
   2.8850000e-02	  -1.8733667e-12	
   2.8900000e-02	  -1.7071994e-12	
   2.8950000e-02	  -1.7999538e-12	
   2.9000000e-02	  -1.7685545e-12	
   2.9050000e-02	  -1.7572098e-12	
   2.9100000e-02	  -1.8013772e-12	
   2.9150000e-02	  -1.7363667e-12	
   2.9200000e-02	  -1.7283252e-12	
   2.9250000e-02	  -1.6972241e-12	
   2.9300000e-02	  -1.8744689e-12	
   2.9350000e-02	  -1.9008321e-12	
   2.9400000e-02	  -1.8943267e-12	
   2.9450000e-02	  -2.0175192e-12	
   2.9500000e-02	  -2.0500938e-12	
   2.9550000e-02	  -1.9663184e-12	
   2.9600000e-02	  -1.9112096e-12	
   2.9650000e-02	  -1.9809874e-12	
   2.9700000e-02	  -1.9594972e-12	
   2.9750000e-02	  -2.0696059e-12	
   2.9800000e-02	  -1.9746400e-12	
   2.9850000e-02	  -1.9801608e-12	
   2.9900000e-02	  -1.8984675e-12	
   2.9950000e-02	  -1.9765252e-12	
   3.0000000e-02	  -2.0496779e-12	
   3.0050000e-02	  -2.0891372e-12	
   3.0100000e-02	  -2.0861134e-12	
   3.0150000e-02	  -2.1102248e-12	
   3.0200000e-02	  -2.2228905e-12	
   3.0250000e-02	  -2.0987441e-12	
   3.0300000e-02	  -2.0686182e-12	
   3.0350000e-02	  -2.0986430e-12	
   3.0400000e-02	  -2.0679955e-12	
   3.0450000e-02	  -2.0894405e-12	
   3.0500000e-02	  -2.1563032e-12	
   3.0550000e-02	  -2.1434061e-12	
   3.0600000e-02	  -2.1703492e-12	
   3.0650000e-02	  -2.1305210e-12	
   3.0700000e-02	  -2.1705322e-12	
   3.0750000e-02	  -2.1040223e-12	
   3.0800000e-02	  -2.1454347e-12	
   3.0850000e-02	  -2.0581128e-12	
   3.0900000e-02	  -2.0137121e-12	
   3.0950000e-02	  -2.0850153e-12	
   3.1000000e-02	  -2.0974498e-12	
   3.1050000e-02	  -2.2114450e-12	
   3.1100000e-02	  -2.2304875e-12	
   3.1150000e-02	  -2.2646802e-12	
   3.1200000e-02	  -2.2893271e-12	
   3.1250000e-02	  -2.1393772e-12	
   3.1300000e-02	  -2.2337221e-12	
   3.1350000e-02	  -2.3400955e-12	
   3.1400000e-02	  -2.1101671e-12	
   3.1450000e-02	  -2.3529720e-12	
   3.1500000e-02	  -2.4773282e-12	
   3.1550000e-02	  -2.5438244e-12	
   3.1600000e-02	  -2.4575938e-12	
   3.1650000e-02	  -2.4582090e-12	
   3.1700000e-02	  -2.4339479e-12	
   3.1750000e-02	  -2.3854343e-12	
   3.1800000e-02	  -2.4545783e-12	
   3.1850000e-02	  -2.5591599e-12	
   3.1900000e-02	  -2.6774910e-12	
   3.1950000e-02	  -2.6327768e-12	
   3.2000000e-02	  -2.6431758e-12	
   3.2050000e-02	  -2.7005924e-12	
   3.2100000e-02	  -2.6889263e-12	
   3.2150000e-02	  -2.6499412e-12	
   3.2200000e-02	  -2.6360797e-12	
   3.2250000e-02	  -2.5541917e-12	
   3.2300000e-02	  -2.5416501e-12	
   3.2350000e-02	  -2.6072151e-12	
   3.2400000e-02	  -2.6958073e-12	
   3.2450000e-02	  -2.6972803e-12	
   3.2500000e-02	  -2.5688800e-12	
   3.2550000e-02	  -2.4785891e-12	
   3.2600000e-02	  -2.2815079e-12	
   3.2650000e-02	  -2.3458622e-12	
   3.2700000e-02	  -2.4255651e-12	
   3.2750000e-02	  -2.4409452e-12	
   3.2800000e-02	  -2.5112035e-12	
   3.2850000e-02	  -2.5674800e-12	
   3.2900000e-02	  -2.4741522e-12	
   3.2950000e-02	  -2.5095128e-12	
   3.3000000e-02	  -2.4395035e-12	
   3.3050000e-02	  -2.4069301e-12	
   3.3100000e-02	  -2.5097671e-12	
   3.3150000e-02	  -2.4695519e-12	
   3.3200000e-02	  -2.4545821e-12	
   3.3250000e-02	  -2.5389183e-12	
   3.3300000e-02	  -2.5544890e-12	
   3.3350000e-02	  -2.4584621e-12	
   3.3400000e-02	  -2.5136061e-12	
   3.3450000e-02	  -2.3849160e-12	
   3.3500000e-02	  -2.2569225e-12	
   3.3550000e-02	  -2.0019442e-12	
   3.3600000e-02	  -2.0359709e-12	
   3.3650000e-02	  -2.1810375e-12	
   3.3700000e-02	  -2.1391970e-12	
   3.3750000e-02	  -2.4065633e-12	
   3.3800000e-02	  -2.4121269e-12	
   3.3850000e-02	  -2.4995014e-12	
   3.3900000e-02	  -2.5040764e-12	
   3.3950000e-02	  -2.6719675e-12	
   3.4000000e-02	  -2.7177966e-12	
   3.4050000e-02	  -2.7392819e-12	
   3.4100000e-02	  -2.7274914e-12	
   3.4150000e-02	  -2.7779981e-12	
   3.4200000e-02	  -2.7238192e-12	
   3.4250000e-02	  -2.7594895e-12	
   3.4300000e-02	  -2.4097137e-12	
   3.4350000e-02	  -2.4004140e-12	
   3.4400000e-02	  -2.4446009e-12	
   3.4450000e-02	  -2.4642812e-12	
   3.4500000e-02	  -2.2689997e-12	
   3.4550000e-02	  -2.2266692e-12	
   3.4600000e-02	  -2.2111514e-12	
   3.4650000e-02	  -2.3420768e-12	
   3.4700000e-02	  -2.4170707e-12	
   3.4750000e-02	  -2.5042689e-12	
   3.4800000e-02	  -2.6196766e-12	
   3.4850000e-02	  -2.6024278e-12	
   3.4900000e-02	  -2.5252493e-12	
   3.4950000e-02	  -2.4847392e-12	
   3.5000000e-02	  -2.4509071e-12	
   3.5050000e-02	  -2.5477174e-12	
   3.5100000e-02	  -2.7286376e-12	
   3.5150000e-02	  -2.6842287e-12	
   3.5200000e-02	  -2.7128541e-12	
   3.5250000e-02	  -2.6425446e-12	
   3.5300000e-02	  -2.6923483e-12	
   3.5350000e-02	  -2.6885267e-12	
   3.5400000e-02	  -2.7395986e-12	
   3.5450000e-02	  -2.7794831e-12	
   3.5500000e-02	  -2.6515022e-12	
   3.5550000e-02	  -2.5214145e-12	
   3.5600000e-02	  -2.4169953e-12	
   3.5650000e-02	  -2.3690614e-12	
   3.5700000e-02	  -2.3795661e-12	
   3.5750000e-02	  -2.4281113e-12	
   3.5800000e-02	  -2.5200520e-12	
   3.5850000e-02	  -2.6424377e-12	
   3.5900000e-02	  -2.5208566e-12	
   3.5950000e-02	  -2.6065012e-12	
   3.6000000e-02	  -2.4380037e-12	
   3.6050000e-02	  -2.1940039e-12	
   3.6100000e-02	  -2.1989871e-12	
   3.6150000e-02	  -2.1832087e-12	
   3.6200000e-02	  -2.2738081e-12	
   3.6250000e-02	  -2.3226681e-12	
   3.6300000e-02	  -2.3561037e-12	
   3.6350000e-02	  -2.3706476e-12	
   3.6400000e-02	  -2.3327497e-12	
   3.6450000e-02	  -2.3731903e-12	
   3.6500000e-02	  -2.3269373e-12	
   3.6550000e-02	  -2.3356525e-12	
   3.6600000e-02	  -2.2187582e-12	
   3.6650000e-02	  -2.1266653e-12	
   3.6700000e-02	  -2.0272163e-12	
   3.6750000e-02	  -2.1020182e-12	
   3.6800000e-02	  -1.9004892e-12	
   3.6850000e-02	  -1.9194269e-12	
   3.6900000e-02	  -1.9977448e-12	
   3.6950000e-02	  -2.0738948e-12	
   3.7000000e-02	  -2.0714860e-12	
   3.7050000e-02	  -2.0951515e-12	
   3.7100000e-02	  -1.9459548e-12	
   3.7150000e-02	  -1.9305599e-12	
   3.7200000e-02	  -1.7528037e-12	
   3.7250000e-02	  -1.6744048e-12	
   3.7300000e-02	  -1.6605651e-12	
   3.7350000e-02	  -1.7819366e-12	
   3.7400000e-02	  -1.6997974e-12	
   3.7450000e-02	  -1.6054981e-12	
   3.7500000e-02	  -1.6129606e-12	
   3.7550000e-02	  -1.7611717e-12	
   3.7600000e-02	  -1.7905446e-12	
   3.7650000e-02	  -1.8212769e-12	
   3.7700000e-02	  -1.7819318e-12	
   3.7750000e-02	  -1.8866787e-12	
   3.7800000e-02	  -2.0413211e-12	
   3.7850000e-02	  -1.8988708e-12	
   3.7900000e-02	  -1.9594380e-12	
   3.7950000e-02	  -1.8040445e-12	
   3.8000000e-02	  -1.6369970e-12	
   3.8050000e-02	  -1.5588565e-12	
   3.8100000e-02	  -1.5724097e-12	
   3.8150000e-02	  -1.4028808e-12	
   3.8200000e-02	  -1.4766213e-12	
   3.8250000e-02	  -1.3302168e-12	
   3.8300000e-02	  -1.6053687e-12	
   3.8350000e-02	  -1.5948993e-12	
   3.8400000e-02	  -1.7089570e-12	
   3.8450000e-02	  -1.5220564e-12	
   3.8500000e-02	  -1.6632405e-12	
   3.8550000e-02	  -1.4821764e-12	
   3.8600000e-02	  -1.5849167e-12	
   3.8650000e-02	  -1.5927160e-12	
   3.8700000e-02	  -1.6045870e-12	
   3.8750000e-02	  -1.5727268e-12	
   3.8800000e-02	  -1.4400302e-12	
   3.8850000e-02	  -1.3464106e-12	
   3.8900000e-02	  -1.3237343e-12	
   3.8950000e-02	  -1.3739472e-12	
   3.9000000e-02	  -1.3926196e-12	
   3.9050000e-02	  -1.5062874e-12	
   3.9100000e-02	  -1.5165516e-12	
   3.9150000e-02	  -1.5353571e-12	
   3.9200000e-02	  -1.4966778e-12	
   3.9250000e-02	  -1.5378274e-12	
   3.9300000e-02	  -1.5964541e-12	
   3.9350000e-02	  -1.5917122e-12	
   3.9400000e-02	  -1.6421185e-12	
   3.9450000e-02	  -1.5708021e-12	
   3.9500000e-02	  -1.4649482e-12	
   3.9550000e-02	  -1.5385117e-12	
   3.9600000e-02	  -1.1924396e-12	
   3.9650000e-02	  -1.2285822e-12	
   3.9700000e-02	  -1.0899645e-12	
   3.9750000e-02	  -1.0568729e-12	
   3.9800000e-02	  -8.6882389e-13	
   3.9850000e-02	  -8.4159611e-13	
   3.9900000e-02	  -8.2889332e-13	
   3.9950000e-02	  -8.2004743e-13	
   4.0000000e-02	  -7.4061395e-13	
   4.0050000e-02	  -7.5138311e-13	
   4.0100000e-02	  -7.6498920e-13	
   4.0150000e-02	  -8.1513030e-13	
   4.0200000e-02	  -8.1355625e-13	
   4.0250000e-02	  -9.7427350e-13	
   4.0300000e-02	  -9.9105901e-13	
   4.0350000e-02	  -9.2617580e-13	
   4.0400000e-02	  -9.8248254e-13	
   4.0450000e-02	  -9.6882788e-13	
   4.0500000e-02	  -8.8908503e-13	
   4.0550000e-02	  -6.5429650e-13	
   4.0600000e-02	  -6.6606486e-13	
   4.0650000e-02	  -7.2082173e-13	
   4.0700000e-02	  -5.4322052e-13	
   4.0750000e-02	  -6.6853619e-13	
   4.0800000e-02	  -8.7851102e-13	
   4.0850000e-02	  -8.2824646e-13	
   4.0900000e-02	  -8.8583313e-13	
   4.0950000e-02	  -1.0282809e-12	
   4.1000000e-02	  -1.1560436e-12	
   4.1050000e-02	  -1.0135801e-12	
   4.1100000e-02	  -9.9760629e-13	
   4.1150000e-02	  -9.2081594e-13	
   4.1200000e-02	  -8.1384595e-13	
   4.1250000e-02	  -8.0803918e-13	
   4.1300000e-02	  -7.0809743e-13	
   4.1350000e-02	  -8.1609752e-13	
   4.1400000e-02	  -8.1849328e-13	
   4.1450000e-02	  -7.4989732e-13	
   4.1500000e-02	  -5.9944660e-13	
   4.1550000e-02	  -4.6319448e-13	
   4.1600000e-02	  -5.0773307e-13	
   4.1650000e-02	  -5.9047667e-13	
   4.1700000e-02	  -6.3763348e-13	
   4.1750000e-02	  -7.6375429e-13	
   4.1800000e-02	  -7.5378180e-13	
   4.1850000e-02	  -7.9920359e-13	
   4.1900000e-02	  -8.1002826e-13	
   4.1950000e-02	  -8.5808205e-13	
   4.2000000e-02	  -9.2833141e-13	
   4.2050000e-02	  -7.7117288e-13	
   4.2100000e-02	  -7.7193040e-13	
   4.2150000e-02	  -8.0876205e-13	
   4.2200000e-02	  -7.1718152e-13	
   4.2250000e-02	  -6.9456749e-13	
   4.2300000e-02	  -5.5314981e-13	
   4.2350000e-02	  -5.2790281e-13	
   4.2400000e-02	  -4.6378634e-13	
   4.2450000e-02	  -5.5921110e-13	
   4.2500000e-02	  -4.1707740e-13	
   4.2550000e-02	  -5.0168723e-13	
   4.2600000e-02	  -5.6930658e-13	
   4.2650000e-02	  -7.4416948e-13	
   4.2700000e-02	  -7.5352853e-13	
   4.2750000e-02	  -9.1157117e-13	
   4.2800000e-02	  -7.6720965e-13	
   4.2850000e-02	  -8.9154096e-13	
   4.2900000e-02	  -8.1546532e-13	
   4.2950000e-02	  -6.2757373e-13	
   4.3000000e-02	  -5.3871881e-13	
   4.3050000e-02	  -5.6584295e-13	
   4.3100000e-02	  -6.5840432e-13	
   4.3150000e-02	  -8.0529832e-13	
   4.3200000e-02	  -9.1786756e-13	
   4.3250000e-02	  -1.0208585e-12	
   4.3300000e-02	  -9.8969899e-13	
   4.3350000e-02	  -8.2907748e-13	
   4.3400000e-02	  -7.2880395e-13	
   4.3450000e-02	  -8.2063685e-13	
   4.3500000e-02	  -7.1672659e-13	
   4.3550000e-02	  -6.9591164e-13	
   4.3600000e-02	  -6.2446511e-13	
   4.3650000e-02	  -5.8030412e-13	
   4.3700000e-02	  -6.4693650e-13	
   4.3750000e-02	  -6.1555925e-13	
   4.3800000e-02	  -6.1846524e-13	
   4.3850000e-02	  -5.6247845e-13	
   4.3900000e-02	  -6.2882086e-13	
   4.3950000e-02	  -7.8096947e-13	
   4.4000000e-02	  -6.8094185e-13	
   4.4050000e-02	  -6.9577749e-13	
   4.4100000e-02	  -7.0022937e-13	
   4.4150000e-02	  -5.9083706e-13	
   4.4200000e-02	  -4.3378823e-13	
   4.4250000e-02	  -5.8759616e-13	
   4.4300000e-02	  -5.6143707e-13	
   4.4350000e-02	  -3.8613286e-13	
   4.4400000e-02	  -1.7795043e-13	
   4.4450000e-02	  -1.6024400e-14	
   4.4500000e-02	  -3.4012723e-14	
   4.4550000e-02	  -1.7426208e-13	
   4.4600000e-02	  -1.1894522e-13	
   4.4650000e-02	  -1.9130986e-13	
   4.4700000e-02	  -4.8460303e-13	
   4.4750000e-02	  -5.7477504e-13	
   4.4800000e-02	  -7.1006157e-13	
   4.4850000e-02	  -6.0077572e-13	
   4.4900000e-02	  -6.7193061e-13	
   4.4950000e-02	  -5.7675674e-13	
   4.5000000e-02	  -4.0086380e-13	
   4.5050000e-02	  -4.3520439e-13	
   4.5100000e-02	  -3.6708006e-13	
   4.5150000e-02	  -4.0077533e-13	
   4.5200000e-02	  -4.0024494e-13	
   4.5250000e-02	  -2.8432167e-13	
   4.5300000e-02	  -3.7452376e-13	
   4.5350000e-02	  -3.9477406e-13	
   4.5400000e-02	  -2.7835546e-13	
   4.5450000e-02	  -1.8059295e-13	
   4.5500000e-02	  -1.0437327e-13	
   4.5550000e-02	  -1.7350249e-13	
   4.5600000e-02	  -2.3590721e-13	
   4.5650000e-02	  -2.8762832e-13	
   4.5700000e-02	  -4.0072741e-13	
   4.5750000e-02	  -3.0626760e-13	
   4.5800000e-02	  -2.8895072e-13	
   4.5850000e-02	  -2.4607096e-13	
   4.5900000e-02	  -1.8478665e-13	
   4.5950000e-02	  -7.4097412e-14	
   4.6000000e-02	  -4.8356718e-14	
   4.6050000e-02	   7.6532097e-14	
   4.6100000e-02	   4.5101943e-14	
   4.6150000e-02	   1.9812927e-14	
   4.6200000e-02	  -4.9666651e-14	
   4.6250000e-02	  -3.6772018e-14	
   4.6300000e-02	  -1.5150836e-13	
   4.6350000e-02	  -1.3491226e-13	
   4.6400000e-02	  -2.4473934e-13	
   4.6450000e-02	  -3.5983271e-13	
   4.6500000e-02	  -2.8483899e-13	
   4.6550000e-02	  -1.5411891e-13	
   4.6600000e-02	  -2.2433574e-13	
   4.6650000e-02	  -2.7536827e-13	
   4.6700000e-02	  -2.9328059e-13	
   4.6750000e-02	  -2.9984760e-13	
   4.6800000e-02	  -2.5681670e-13	
   4.6850000e-02	  -2.2756038e-13	
   4.6900000e-02	  -2.3513960e-13	
   4.6950000e-02	  -1.8839444e-13	
   4.7000000e-02	  -2.7057978e-13	
   4.7050000e-02	  -2.1726132e-13	
   4.7100000e-02	  -2.6606966e-13	
   4.7150000e-02	  -4.2334127e-13	
   4.7200000e-02	  -5.3210561e-13	
   4.7250000e-02	  -5.9536837e-13	
   4.7300000e-02	  -5.9553560e-13	
   4.7350000e-02	  -7.8934515e-13	
   4.7400000e-02	  -6.8732606e-13	
   4.7450000e-02	  -5.8447772e-13	
   4.7500000e-02	  -5.3274486e-13	
   4.7550000e-02	  -5.5983430e-13	
   4.7600000e-02	  -6.5100009e-13	
   4.7650000e-02	  -5.5371983e-13	
   4.7700000e-02	  -3.9934028e-13	
   4.7750000e-02	  -4.8153560e-13	
   4.7800000e-02	  -5.7280504e-13	
   4.7850000e-02	  -6.9771684e-13	
   4.7900000e-02	  -8.0778223e-13	
   4.7950000e-02	  -8.9147187e-13	
   4.8000000e-02	  -9.1274449e-13	
   4.8050000e-02	  -7.7026113e-13	
   4.8100000e-02	  -8.8566437e-13	
   4.8150000e-02	  -6.9302929e-13	
   4.8200000e-02	  -6.8766268e-13	
   4.8250000e-02	  -6.5191776e-13	
   4.8300000e-02	  -6.2348304e-13	
   4.8350000e-02	  -4.9904070e-13	
   4.8400000e-02	  -4.2371380e-13	
   4.8450000e-02	  -3.2555555e-13	
   4.8500000e-02	  -3.9963389e-13	
   4.8550000e-02	  -4.5774224e-13	
   4.8600000e-02	  -5.2496267e-13	
   4.8650000e-02	  -5.0562169e-13	
   4.8700000e-02	  -5.3672908e-13	
   4.8750000e-02	  -5.8557130e-13	
   4.8800000e-02	  -4.8558916e-13	
   4.8850000e-02	  -4.1610888e-13	
   4.8900000e-02	  -4.6838477e-13	
   4.8950000e-02	  -5.4862712e-13	
   4.9000000e-02	  -5.1077697e-13	
   4.9050000e-02	  -7.2095628e-13	
   4.9100000e-02	  -7.1137269e-13	
   4.9150000e-02	  -7.9596811e-13	
   4.9200000e-02	  -8.5022419e-13	
   4.9250000e-02	  -8.6872209e-13	
   4.9300000e-02	  -9.3177657e-13	
   4.9350000e-02	  -9.0915578e-13	
   4.9400000e-02	  -1.0806297e-12	
   4.9450000e-02	  -1.0286972e-12	
   4.9500000e-02	  -1.0515382e-12	
   4.9550000e-02	  -1.0935545e-12	
   4.9600000e-02	  -1.1127364e-12	
   4.9650000e-02	  -1.0520606e-12	
   4.9700000e-02	  -8.6301040e-13	
   4.9750000e-02	  -7.2477831e-13	
   4.9800000e-02	  -6.0845317e-13	
   4.9850000e-02	  -7.6629675e-13	
   4.9900000e-02	  -8.8328650e-13	
   4.9950000e-02	  -1.0461603e-12	
   5.0000000e-02	  -1.1573346e-12	
