  -0.0000000e+00	
  -6.8307204e-13	
  -1.3186299e-12	
  -1.9097566e-12	
  -2.4593363e-12	
  -2.9700669e-12	
  -3.4444720e-12	
  -3.8849124e-12	
  -4.2935966e-12	
  -4.6725905e-12	
  -5.0238263e-12	
  -5.3491118e-12	
  -5.6501379e-12	
  -5.9284864e-12	
  -6.1856370e-12	
  -6.4229736e-12	
  -6.6417909e-12	
  -6.8433001e-12	
  -7.0286339e-12	
  -7.1988520e-12	
  -7.3549457e-12	
  -7.4978420e-12	
  -7.6284083e-12	
  -7.7474559e-12	
  -7.8557434e-12	
  -7.9539807e-12	
  -8.0428317e-12	
  -8.1229174e-12	
  -8.1948185e-12	
  -8.2590785e-12	
  -8.3162054e-12	
  -8.3666745e-12	
  -8.4109304e-12	
  -8.4493889e-12	
  -8.4824388e-12	
  -8.5104438e-12	
  -8.5337442e-12	
  -8.5526582e-12	
  -8.5674831e-12	
  -8.5784974e-12	
  -8.5859612e-12	
  -8.5901180e-12	
  -8.5911954e-12	
  -8.5894062e-12	
  -8.5849495e-12	
  -8.5780114e-12	
  -8.5687660e-12	
  -8.5573759e-12	
  -8.5439935e-12	
  -8.5287610e-12	
  -8.5118113e-12	
  -8.4932690e-12	
  -8.4732503e-12	
  -8.4518639e-12	
  -8.4292116e-12	
  -8.4053882e-12	
  -8.3804826e-12	
  -8.3545778e-12	
  -8.3277514e-12	
  -8.3000760e-12	
  -8.2716193e-12	
  -8.2424447e-12	
  -8.2126113e-12	
  -8.1821745e-12	
  -8.1511859e-12	
  -8.1196938e-12	
  -8.0877433e-12	
  -8.0553765e-12	
  -8.0226328e-12	
  -7.9895488e-12	
  -7.9561589e-12	
  -7.9224952e-12	
  -7.8885875e-12	
  -7.8544637e-12	
  -7.8201499e-12	
  -7.7856704e-12	
  -7.7510479e-12	
  -7.7163035e-12	
  -7.6814570e-12	
  -7.6465267e-12	
  -7.6115298e-12	
  -7.5764824e-12	
  -7.5413991e-12	
  -7.5062941e-12	
  -7.4711801e-12	
  -7.4360692e-12	
  -7.4009726e-12	
  -7.3659008e-12	
  -7.3308633e-12	
  -7.2958693e-12	
  -7.2609270e-12	
  -7.2260442e-12	
  -7.1912283e-12	
  -7.1564857e-12	
  -7.1218229e-12	
  -7.0872454e-12	
  -7.0527587e-12	
  -7.0183676e-12	
  -6.9840767e-12	
  -6.9498903e-12	
  -6.9158121e-12	
  -6.8818459e-12	
  -6.8479948e-12	
  -6.8142618e-12	
  -6.7806499e-12	
  -6.7471615e-12	
  -6.7137989e-12	
  -6.6805643e-12	
  -6.6474597e-12	
  -6.6144867e-12	
  -6.5816470e-12	
  -6.5489420e-12	
  -6.5163731e-12	
  -6.4839413e-12	
  -6.4516478e-12	
  -6.4194934e-12	
  -6.3874791e-12	
  -6.3556054e-12	
  -6.3238730e-12	
  -6.2922824e-12	
  -6.2608342e-12	
  -6.2295286e-12	
  -6.1983659e-12	
  -6.1673464e-12	
  -6.1364703e-12	
  -6.1057376e-12	
  -6.0751484e-12	
  -6.0447027e-12	
  -6.0144006e-12	
  -5.9842418e-12	
  -5.9542262e-12	
  -5.9243538e-12	
  -5.8946242e-12	
  -5.8650374e-12	
  -5.8355929e-12	
  -5.8062906e-12	
  -5.7771300e-12	
  -5.7481109e-12	
  -5.7192329e-12	
  -5.6904956e-12	
  -5.6618986e-12	
  -5.6334415e-12	
  -5.6051239e-12	
  -5.5769452e-12	
  -5.5489051e-12	
  -5.5210030e-12	
  -5.4932385e-12	
  -5.4656111e-12	
  -5.4381202e-12	
  -5.4107653e-12	
  -5.3835460e-12	
  -5.3564616e-12	
  -5.3295116e-12	
  -5.3026955e-12	
  -5.2760127e-12	
  -5.2494627e-12	
  -5.2230449e-12	
  -5.1967587e-12	
  -5.1706036e-12	
  -5.1445790e-12	
  -5.1186843e-12	
  -5.0929189e-12	
  -5.0672822e-12	
  -5.0417738e-12	
  -5.0163929e-12	
  -4.9911390e-12	
  -4.9660115e-12	
  -4.9410099e-12	
  -4.9161335e-12	
  -4.8913817e-12	
  -4.8667540e-12	
  -4.8422498e-12	
  -4.8178685e-12	
  -4.7936095e-12	
  -4.7694722e-12	
  -4.7454561e-12	
  -4.7215605e-12	
  -4.6977850e-12	
  -4.6741288e-12	
  -4.6505914e-12	
  -4.6271723e-12	
  -4.6038708e-12	
  -4.5806864e-12	
  -4.5576186e-12	
  -4.5346667e-12	
  -4.5118302e-12	
  -4.4891085e-12	
  -4.4665010e-12	
  -4.4440072e-12	
  -4.4216266e-12	
  -4.3993585e-12	
  -4.3772024e-12	
  -4.3551578e-12	
  -4.3332241e-12	
  -4.3114008e-12	
  -4.2896872e-12	
  -4.2680829e-12	
  -4.2465873e-12	
  -4.2251999e-12	
  -4.2039202e-12	
  -4.1827475e-12	
  -4.1616814e-12	
  -4.1407213e-12	
  -4.1198667e-12	
  -4.0991171e-12	
  -4.0784720e-12	
  -4.0579308e-12	
  -4.0374930e-12	
  -4.0171581e-12	
  -3.9969255e-12	
  -3.9767949e-12	
  -3.9567655e-12	
  -3.9368371e-12	
  -3.9170089e-12	
  -3.8972806e-12	
  -3.8776517e-12	
  -3.8581215e-12	
  -3.8386897e-12	
  -3.8193558e-12	
  -3.8001192e-12	
  -3.7809795e-12	
  -3.7619362e-12	
  -3.7429887e-12	
  -3.7241367e-12	
  -3.7053796e-12	
  -3.6867170e-12	
  -3.6681483e-12	
  -3.6496732e-12	
  -3.6312911e-12	
  -3.6130016e-12	
  -3.5948042e-12	
  -3.5766984e-12	
  -3.5586838e-12	
  -3.5407600e-12	
  -3.5229264e-12	
  -3.5051826e-12	
  -3.4875282e-12	
  -3.4699627e-12	
  -3.4524856e-12	
  -3.4350966e-12	
  -3.4177952e-12	
  -3.4005809e-12	
  -3.3834533e-12	
  -3.3664119e-12	
  -3.3494564e-12	
  -3.3325863e-12	
  -3.3158012e-12	
  -3.2991005e-12	
  -3.2824840e-12	
  -3.2659512e-12	
  -3.2495017e-12	
  -3.2331350e-12	
  -3.2168507e-12	
  -3.2006485e-12	
  -3.1845278e-12	
  -3.1684884e-12	
  -3.1525297e-12	
  -3.1366514e-12	
  -3.1208531e-12	
  -3.1051344e-12	
  -3.0894948e-12	
  -3.0739340e-12	
  -3.0584515e-12	
  -3.0430471e-12	
  -3.0277202e-12	
  -3.0124705e-12	
  -2.9972977e-12	
  -2.9822012e-12	
  -2.9671808e-12	
  -2.9522360e-12	
  -2.9373665e-12	
  -2.9225720e-12	
  -2.9078519e-12	
  -2.8932059e-12	
  -2.8786338e-12	
  -2.8641350e-12	
  -2.8497092e-12	
  -2.8353561e-12	
  -2.8210753e-12	
  -2.8068664e-12	
  -2.7927291e-12	
  -2.7786630e-12	
  -2.7646678e-12	
  -2.7507430e-12	
  -2.7368883e-12	
  -2.7231035e-12	
  -2.7093881e-12	
  -2.6957417e-12	
  -2.6821641e-12	
  -2.6686549e-12	
  -2.6552137e-12	
  -2.6418402e-12	
  -2.6285341e-12	
  -2.6152950e-12	
  -2.6021225e-12	
  -2.5890164e-12	
  -2.5759764e-12	
  -2.5630020e-12	
  -2.5500929e-12	
  -2.5372489e-12	
  -2.5244696e-12	
  -2.5117546e-12	
  -2.4991037e-12	
  -2.4865165e-12	
  -2.4739926e-12	
  -2.4615319e-12	
  -2.4491339e-12	
  -2.4367984e-12	
  -2.4245250e-12	
  -2.4123134e-12	
  -2.4001633e-12	
  -2.3880745e-12	
  -2.3760465e-12	
  -2.3640791e-12	
  -2.3521719e-12	
  -2.3403248e-12	
  -2.3285373e-12	
  -2.3168092e-12	
  -2.3051401e-12	
  -2.2935298e-12	
  -2.2819780e-12	
  -2.2704844e-12	
  -2.2590487e-12	
  -2.2476705e-12	
  -2.2363497e-12	
  -2.2250859e-12	
  -2.2138789e-12	
  -2.2027282e-12	
  -2.1916338e-12	
  -2.1805952e-12	
  -2.1696122e-12	
  -2.1586845e-12	
  -2.1478119e-12	
  -2.1369941e-12	
  -2.1262307e-12	
  -2.1155215e-12	
  -2.1048663e-12	
  -2.0942647e-12	
  -2.0837166e-12	
  -2.0732215e-12	
  -2.0627793e-12	
  -2.0523898e-12	
  -2.0420525e-12	
  -2.0317673e-12	
  -2.0215339e-12	
  -2.0113521e-12	
  -2.0012215e-12	
  -1.9911420e-12	
  -1.9811132e-12	
  -1.9711350e-12	
  -1.9612070e-12	
  -1.9513290e-12	
  -1.9415008e-12	
  -1.9317220e-12	
  -1.9219925e-12	
  -1.9123120e-12	
  -1.9026803e-12	
  -1.8930971e-12	
  -1.8835622e-12	
  -1.8740752e-12	
  -1.8646361e-12	
  -1.8552445e-12	
  -1.8459002e-12	
  -1.8366030e-12	
  -1.8273526e-12	
  -1.8181488e-12	
  -1.8089913e-12	
  -1.7998800e-12	
  -1.7908146e-12	
  -1.7817948e-12	
  -1.7728204e-12	
  -1.7638913e-12	
  -1.7550071e-12	
  -1.7461677e-12	
  -1.7373728e-12	
  -1.7286222e-12	
  -1.7199156e-12	
  -1.7112529e-12	
  -1.7026339e-12	
  -1.6940582e-12	
  -1.6855258e-12	
  -1.6770363e-12	
  -1.6685896e-12	
  -1.6601854e-12	
  -1.6518236e-12	
  -1.6435039e-12	
  -1.6352261e-12	
  -1.6269899e-12	
  -1.6187953e-12	
  -1.6106419e-12	
  -1.6025296e-12	
  -1.5944582e-12	
  -1.5864274e-12	
  -1.5784370e-12	
  -1.5704869e-12	
  -1.5625769e-12	
  -1.5547067e-12	
  -1.5468761e-12	
  -1.5390849e-12	
  -1.5313330e-12	
  -1.5236202e-12	
  -1.5159462e-12	
  -1.5083108e-12	
  -1.5007139e-12	
  -1.4931553e-12	
  -1.4856347e-12	
  -1.4781521e-12	
  -1.4707071e-12	
  -1.4632996e-12	
  -1.4559294e-12	
  -1.4485963e-12	
  -1.4413002e-12	
  -1.4340408e-12	
  -1.4268180e-12	
  -1.4196315e-12	
  -1.4124813e-12	
  -1.4053671e-12	
  -1.3982887e-12	
  -1.3912459e-12	
  -1.3842386e-12	
  -1.3772667e-12	
  -1.3703298e-12	
  -1.3634279e-12	
  -1.3565607e-12	
  -1.3497281e-12	
  -1.3429300e-12	
  -1.3361660e-12	
  -1.3294362e-12	
  -1.3227402e-12	
  -1.3160780e-12	
  -1.3094493e-12	
  -1.3028540e-12	
  -1.2962920e-12	
  -1.2897629e-12	
  -1.2832668e-12	
  -1.2768034e-12	
