  -1.2765268e-12	
  -8.1224506e-13	
  -5.9275004e-13	
  -3.5851466e-13	
   1.3031771e-14	
   8.4054677e-14	
   1.0563862e-13	
   1.0353627e-13	
   1.3059034e-13	
  -8.2608817e-14	
  -1.5373544e-13	
  -1.0946343e-13	
  -8.6575918e-14	
  -1.6113290e-13	
  -1.1769414e-13	
  -1.9188309e-13	
  -4.0144513e-13	
  -3.0204872e-13	
  -3.6998036e-13	
  -3.6728058e-13	
  -5.9425573e-13	
  -4.9922373e-13	
  -4.2300462e-13	
  -1.1750694e-13	
   1.7693724e-13	
   3.1020209e-13	
   6.9990445e-13	
   9.3764490e-13	
   7.9013621e-13	
   7.4026523e-13	
   6.4798386e-13	
   4.7518916e-13	
   2.4964425e-13	
  -1.0472196e-13	
  -2.6450957e-13	
  -1.7457494e-14	
   1.6121863e-13	
   2.9295555e-13	
   2.7269745e-13	
   8.7081042e-14	
   4.0618156e-14	
   2.5174830e-13	
   5.3951303e-13	
   4.9203005e-13	
   5.0328299e-13	
   2.8456984e-13	
  -1.0830219e-13	
  -7.2618773e-14	
  -1.2175040e-13	
  -2.5436128e-13	
  -9.6438964e-14	
   6.7039790e-14	
  -8.2362935e-14	
  -8.6475357e-14	
  -4.2845033e-13	
  -4.2961900e-13	
  -2.9037813e-13	
  -4.2126153e-13	
  -5.0099001e-13	
  -4.4467705e-13	
  -3.0426881e-13	
   1.9940474e-14	
  -7.3564110e-14	
  -1.3033631e-13	
  -3.3290393e-14	
   4.9402206e-14	
   1.4794301e-13	
  -1.8547620e-14	
  -1.9073896e-13	
  -1.9925338e-13	
  -1.1933837e-13	
  -7.0077800e-15	
   8.3671382e-15	
  -4.8268544e-14	
   1.9142177e-13	
   1.9032682e-13	
   3.2528502e-13	
   4.0435345e-13	
   2.4017461e-13	
  -3.0584175e-14	
  -3.0106001e-13	
  -3.3201919e-13	
  -3.4190035e-13	
  -3.8330592e-13	
  -4.0287852e-13	
  -5.3207906e-13	
  -6.4344797e-13	
  -3.9086397e-13	
  -1.4865088e-13	
  -8.7115811e-14	
  -7.0344792e-14	
  -3.0073780e-13	
  -7.7840329e-14	
  -2.4754456e-13	
  -1.4107444e-13	
   4.0786076e-14	
   1.0738515e-13	
   3.2252391e-13	
   6.2030076e-13	
   4.2974867e-13	
   4.7849879e-13	
   2.7496980e-13	
   1.6778672e-13	
   2.1912465e-13	
   5.6351699e-14	
  -4.1595454e-13	
  -4.0897178e-13	
  -3.0975502e-13	
  -2.5828845e-13	
  -5.7754210e-14	
   4.9667158e-14	
   6.6448643e-14	
  -1.4276719e-13	
  -3.7351188e-13	
  -5.1788240e-13	
  -5.0331068e-13	
  -4.5870839e-13	
  -2.7669761e-13	
  -4.7206039e-13	
  -2.6309749e-13	
  -3.5109514e-13	
  -4.2866800e-13	
  -5.4272313e-13	
  -3.7836461e-13	
  -8.1780477e-14	
   9.2600539e-14	
   1.7481002e-13	
   2.4070396e-13	
   2.4840697e-13	
   7.9820545e-14	
   1.5926640e-13	
   3.7047889e-13	
   3.9709083e-13	
   5.7836480e-13	
   3.7195187e-13	
   1.9052012e-13	
   5.3723446e-14	
  -1.3483362e-13	
  -1.4589254e-13	
  -1.3518916e-13	
  -7.6350447e-14	
   6.1126993e-14	
   1.0140269e-13	
   2.2437418e-13	
   2.7552744e-13	
   6.5650498e-14	
   2.4522947e-13	
   1.0877166e-15	
  -1.1213061e-13	
  -3.4507102e-13	
  -3.4800848e-13	
  -2.7647070e-13	
  -2.1258328e-13	
  -2.8242052e-13	
  -8.4044493e-14	
  -5.4833550e-14	
  -1.3662265e-13	
  -1.7621719e-13	
  -6.5904865e-14	
  -1.3914802e-13	
  -2.3122309e-13	
  -2.7565974e-13	
  -1.1467678e-13	
  -1.5486372e-13	
  -1.2345670e-13	
  -2.0045121e-13	
  -2.3701485e-13	
  -7.9107257e-14	
  -9.4097584e-14	
  -1.6055849e-13	
  -1.8319653e-14	
  -1.7839683e-13	
  -3.9659533e-13	
  -3.3439690e-13	
  -2.7198383e-13	
   8.1486815e-14	
   1.2484582e-13	
   2.5722310e-13	
   2.8813133e-13	
   1.0835045e-13	
  -6.0119316e-14	
   4.3571388e-14	
  -1.3515805e-13	
  -2.1358992e-13	
  -2.1244998e-13	
  -2.5304584e-13	
  -3.9603668e-13	
  -3.3475367e-13	
  -3.7341311e-13	
  -2.0617438e-13	
  -1.0390069e-13	
  -1.2815740e-13	
  -3.5595610e-13	
  -1.8811404e-13	
  -3.4551002e-14	
  -1.0191383e-14	
  -5.8204694e-15	
   2.7081953e-14	
   1.9435830e-13	
   1.0885061e-13	
   9.4527561e-15	
  -2.2073082e-14	
  -9.0585722e-14	
  -2.2341463e-13	
  -2.4089736e-13	
  -4.2122722e-13	
  -2.5133504e-13	
   7.4179149e-14	
   4.5452673e-14	
  -1.0191748e-13	
  -7.4481819e-14	
  -9.1282677e-15	
   1.1103811e-13	
   2.6183282e-13	
   4.2355476e-13	
   4.7836624e-13	
   4.9546144e-13	
   4.8349119e-13	
   5.0138729e-13	
   5.7451725e-13	
   5.2807244e-13	
   5.5267643e-13	
   5.4984441e-13	
   5.6537656e-13	
   5.6837344e-13	
   3.1202193e-13	
   6.4692054e-13	
   3.4134292e-13	
   5.1839499e-13	
   4.9639913e-13	
   3.5173098e-13	
   3.2541592e-13	
   3.5554251e-13	
   3.0285648e-13	
   3.4364185e-13	
   3.9841255e-13	
   3.6132251e-13	
   4.3495294e-13	
   4.3529194e-13	
   3.3469627e-13	
   3.1895695e-13	
   3.1116957e-13	
   2.4612110e-13	
   1.3407193e-13	
   1.2154121e-13	
   1.6914643e-13	
   2.5578603e-13	
   3.4080656e-13	
   2.9590475e-13	
   1.6392197e-13	
   9.9831928e-14	
   8.0107891e-14	
   4.4072499e-14	
   1.8652112e-13	
   2.2933890e-13	
   2.4783313e-13	
   1.8916242e-13	
   3.0876672e-14	
   9.1787283e-14	
   1.5886342e-13	
  -7.8976295e-15	
   3.3453339e-14	
  -1.6798755e-13	
   1.0830218e-13	
   9.0513355e-14	
  -9.3355833e-14	
   2.8615989e-14	
   6.7319117e-14	
   1.4305944e-13	
   8.8259621e-14	
   1.3642489e-13	
   2.7288332e-13	
   1.1743597e-13	
   1.0787428e-13	
   1.5789530e-13	
   1.3348512e-13	
   2.9246563e-13	
   2.7908062e-13	
   1.1523130e-13	
   1.7782644e-13	
   2.8972286e-13	
   3.6774682e-13	
   5.8039026e-13	
   4.7038490e-13	
   4.3878848e-13	
   4.7382330e-13	
   5.7902469e-13	
   5.7959527e-13	
   5.9493267e-13	
   6.1875535e-13	
   6.7883803e-13	
   6.1489562e-13	
   5.8189272e-13	
   5.3161798e-13	
   4.7061836e-13	
   3.2655474e-13	
   3.9560656e-13	
   1.2881479e-13	
   5.4285578e-14	
  -5.2745288e-14	
  -7.1290624e-15	
  -2.9221786e-14	
  -4.8599512e-15	
   1.8439268e-13	
   3.3336599e-13	
   1.7226786e-13	
   3.7056181e-13	
   4.9204816e-13	
   5.7580374e-13	
   4.2364855e-13	
   1.8701137e-13	
   2.3862989e-13	
   2.8777768e-13	
   1.8120821e-13	
   1.1446646e-13	
   1.4688793e-13	
   1.0916112e-13	
   1.5871145e-13	
   1.6243265e-13	
   8.7676702e-14	
   4.1361260e-14	
  -6.7758479e-16	
   1.9010774e-13	
   1.6359989e-13	
   2.0535847e-13	
   1.4792110e-13	
   2.0282732e-13	
   3.1713065e-13	
   2.5280880e-13	
   1.3097148e-13	
   1.8484656e-13	
   1.9875861e-13	
   2.2836251e-13	
   3.1705462e-13	
   4.6993014e-13	
   2.6559808e-13	
   2.2418556e-13	
   2.5970747e-13	
   2.2243069e-13	
   2.6705447e-13	
   1.1226407e-13	
  -9.4591659e-15	
  -4.7913494e-14	
  -1.3426262e-13	
  -2.1390050e-14	
   1.7035277e-14	
   1.4626698e-13	
   1.2751123e-13	
   2.0936925e-13	
   2.4934479e-13	
   1.2975709e-13	
   1.8711956e-13	
   1.7684126e-13	
   1.2593993e-13	
   1.8128317e-13	
   6.5170251e-15	
   6.8215666e-14	
  -1.1021989e-13	
   6.6269248e-15	
  -7.0235300e-14	
  -1.5833423e-13	
  -4.0113058e-14	
  -2.4233821e-14	
  -1.5702273e-13	
  -1.0447716e-13	
  -1.2053524e-13	
  -1.2424588e-13	
   5.4893407e-14	
   2.1987239e-13	
   3.8103571e-13	
   4.2846871e-13	
   3.6593618e-13	
   3.6990804e-13	
   2.9453112e-13	
   1.9872400e-13	
   6.4745441e-14	
   9.2398710e-14	
  -1.6211375e-13	
  -4.5655421e-15	
  -1.0589560e-13	
  -8.3028685e-14	
  -8.0173500e-14	
  -1.3278757e-13	
  -7.6181247e-14	
  -7.6501560e-14	
  -5.3720187e-14	
  -2.3924284e-13	
  -2.7384221e-13	
  -2.7553142e-13	
  -4.0687727e-13	
  -4.4756421e-13	
  -3.7186022e-13	
  -3.2478221e-13	
  -4.0255040e-13	
  -3.8901031e-13	
  -5.0702901e-13	
  -4.1993331e-13	
  -4.3328475e-13	
  -3.5938261e-13	
  -4.4519213e-13	
  -5.2605772e-13	
  -5.7319105e-13	
  -5.7780256e-13	
  -6.0951081e-13	
  -7.2973518e-13	
  -6.1310939e-13	
  -5.9046610e-13	
  -6.2793591e-13	
  -6.0469594e-13	
  -6.3351106e-13	
  -7.0770692e-13	
  -7.0210592e-13	
  -7.3630838e-13	
  -7.0370303e-13	
  -7.5090065e-13	
  -6.9154095e-13	
  -7.4006759e-13	
  -6.5982413e-13	
  -6.2246619e-13	
  -7.0077667e-13	
  -7.2018315e-13	
  -8.4111521e-13	
  -8.6705963e-13	
  -9.0811949e-13	
  -9.3959902e-13	
  -7.9644725e-13	
  -8.9755606e-13	
  -1.0106593e-12	
  -7.8742685e-13	
  -1.0368940e-12	
  -1.1678789e-12	
  -1.2409704e-12	
  -1.1613019e-12	
  -1.1684461e-12	
  -1.1506812e-12	
  -1.1086309e-12	
