   0.0000000e+00	  -1.2025790e-12	
   5.0000000e-05	  -8.4120140e-13	
   1.0000000e-04	  -4.0499478e-13	
   1.5000000e-04	   2.7741806e-14	
   2.0000000e-04	   4.8142360e-13	
   2.5000000e-04	  -1.2063484e-14	
   3.0000000e-04	  -4.1361521e-13	
   3.5000000e-04	  -5.4955042e-13	
   4.0000000e-04	  -5.9672026e-13	
   4.5000000e-04	  -1.0872481e-12	
   5.0000000e-04	  -1.5784923e-12	
   5.5000000e-04	  -2.2191092e-12	
   6.0000000e-04	  -2.7700543e-12	
   6.5000000e-04	  -2.4601389e-12	
   7.0000000e-04	  -2.6816250e-12	
   7.5000000e-04	  -2.2886703e-12	
   8.0000000e-04	  -2.0083485e-12	
   8.5000000e-04	  -1.5088050e-12	
   9.0000000e-04	  -1.4271746e-12	
   9.5000000e-04	  -1.1346522e-12	
   1.0000000e-03	  -8.6288485e-13	
   1.0500000e-03	  -8.9771257e-13	
   1.1000000e-03	  -8.4769916e-13	
   1.1500000e-03	  -9.1423725e-13	
   1.2000000e-03	  -2.4220190e-13	
   1.2500000e-03	  -7.2214240e-13	
   1.3000000e-03	  -9.0478872e-13	
   1.3500000e-03	  -8.9231053e-13	
   1.4000000e-03	  -3.1851626e-13	
   1.4500000e-03	  -8.0085938e-13	
   1.5000000e-03	  -7.0116948e-13	
   1.5500000e-03	  -4.9744762e-13	
   1.6000000e-03	   2.2185910e-13	
   1.6500000e-03	   2.0999912e-13	
   1.7000000e-03	   3.1925103e-13	
   1.7500000e-03	  -4.9639901e-13	
   1.8000000e-03	  -8.9849653e-13	
   1.8500000e-03	  -1.0349862e-12	
   1.9000000e-03	  -1.4446141e-12	
   1.9500000e-03	  -1.0800927e-12	
   2.0000000e-03	  -1.4434334e-12	
   2.0500000e-03	  -2.3219305e-12	
   2.1000000e-03	  -1.7315431e-12	
   2.1500000e-03	  -9.0433628e-13	
   2.2000000e-03	  -8.7304393e-13	
   2.2500000e-03	  -2.0367974e-13	
   2.3000000e-03	   5.0176486e-13	
   2.3500000e-03	   8.6259710e-13	
   2.4000000e-03	   6.3511934e-13	
   2.4500000e-03	   6.8443298e-14	
   2.5000000e-03	  -1.8919935e-13	
   2.5500000e-03	   2.1259427e-13	
   2.6000000e-03	   7.8151027e-14	
   2.6500000e-03	   8.4012170e-14	
   2.7000000e-03	  -1.3372409e-13	
   2.7500000e-03	   2.1623306e-13	
   2.8000000e-03	  -1.5005309e-13	
   2.8500000e-03	  -4.4416386e-13	
   2.9000000e-03	  -3.3351705e-13	
   2.9500000e-03	  -4.0651421e-13	
   3.0000000e-03	  -4.7261012e-13	
   3.0500000e-03	  -9.8352858e-13	
   3.1000000e-03	  -1.0092988e-12	
   3.1500000e-03	  -1.3217083e-12	
   3.2000000e-03	  -2.6413159e-12	
   3.2500000e-03	  -1.7245168e-12	
   3.3000000e-03	  -1.6146943e-12	
   3.3500000e-03	  -1.5679642e-12	
   3.4000000e-03	  -1.8814117e-12	
   3.4500000e-03	  -1.3928995e-12	
   3.5000000e-03	  -1.0387337e-12	
   3.5500000e-03	  -5.0709209e-13	
   3.6000000e-03	  -4.1925326e-13	
   3.6500000e-03	  -9.1112813e-13	
   3.7000000e-03	  -8.1457633e-13	
   3.7500000e-03	  -2.6322889e-13	
   3.8000000e-03	  -3.4342369e-13	
   3.8500000e-03	  -4.3354377e-13	
   3.9000000e-03	   6.9622585e-14	
   3.9500000e-03	  -3.7156666e-13	
   4.0000000e-03	  -4.1839100e-13	
   4.0500000e-03	  -3.1217142e-14	
   4.1000000e-03	  -8.0010933e-13	
   4.1500000e-03	  -9.1056242e-13	
   4.2000000e-03	  -1.8161475e-12	
   4.2500000e-03	  -2.0856808e-12	
   4.3000000e-03	  -2.2840098e-12	
   4.3500000e-03	  -1.7255800e-12	
   4.4000000e-03	  -1.7542908e-12	
   4.4500000e-03	  -2.1444207e-12	
   4.5000000e-03	  -2.0072548e-12	
   4.5500000e-03	  -1.8793701e-12	
   4.6000000e-03	  -1.7404060e-12	
   4.6500000e-03	  -1.8696049e-12	
   4.7000000e-03	  -1.1411139e-12	
   4.7500000e-03	  -7.9290957e-13	
   4.8000000e-03	  -5.4056629e-13	
   4.8500000e-03	  -7.9101482e-13	
   4.9000000e-03	  -1.1341375e-12	
   4.9500000e-03	  -9.5948531e-13	
   5.0000000e-03	  -1.1185842e-12	
   5.0500000e-03	  -7.0605674e-13	
   5.1000000e-03	  -7.9057203e-13	
   5.1500000e-03	  -6.9688699e-13	
   5.2000000e-03	  -1.3213625e-12	
   5.2500000e-03	  -1.3758086e-12	
   5.3000000e-03	  -1.7967791e-12	
   5.3500000e-03	  -1.8719601e-12	
   5.4000000e-03	  -2.5636990e-12	
   5.4500000e-03	  -2.2197452e-12	
   5.5000000e-03	  -2.2400257e-12	
   5.5500000e-03	  -2.0548405e-12	
   5.6000000e-03	  -2.2433697e-12	
   5.6500000e-03	  -2.1893373e-12	
   5.7000000e-03	  -2.4552624e-12	
   5.7500000e-03	  -1.9856958e-12	
   5.8000000e-03	  -1.8482831e-12	
   5.8500000e-03	  -1.8603848e-12	
   5.9000000e-03	  -1.9218575e-12	
   5.9500000e-03	  -1.9203517e-12	
   6.0000000e-03	  -2.1534247e-12	
   6.0500000e-03	  -2.3393080e-12	
   6.1000000e-03	  -2.2225680e-12	
   6.1500000e-03	  -2.2390776e-12	
   6.2000000e-03	  -2.2401963e-12	
   6.2500000e-03	  -2.5722661e-12	
   6.3000000e-03	  -2.3499004e-12	
   6.3500000e-03	  -1.9904120e-12	
   6.4000000e-03	  -1.3524143e-12	
   6.4500000e-03	  -1.6641483e-12	
   6.5000000e-03	  -1.4490145e-12	
   6.5500000e-03	  -1.8710658e-12	
   6.6000000e-03	  -2.1294702e-12	
   6.6500000e-03	  -1.8445906e-12	
   6.7000000e-03	  -1.7271296e-12	
   6.7500000e-03	  -1.9152271e-12	
   6.8000000e-03	  -1.5681900e-12	
   6.8500000e-03	  -1.5382760e-12	
   6.9000000e-03	  -1.5489092e-12	
   6.9500000e-03	  -1.6968329e-12	
   7.0000000e-03	  -1.6649118e-12	
   7.0500000e-03	  -1.3712049e-12	
   7.1000000e-03	  -1.8247383e-12	
   7.1500000e-03	  -1.7776396e-12	
   7.2000000e-03	  -1.1544436e-12	
   7.2500000e-03	  -1.4734295e-12	
   7.3000000e-03	  -1.4871048e-12	
   7.3500000e-03	  -1.0882409e-12	
   7.4000000e-03	  -1.0934272e-12	
   7.4500000e-03	  -1.1819231e-12	
   7.5000000e-03	  -1.0719091e-12	
   7.5500000e-03	  -1.2542462e-12	
   7.6000000e-03	  -9.4403782e-13	
   7.6500000e-03	  -1.2130186e-12	
   7.7000000e-03	  -1.0048965e-12	
   7.7500000e-03	  -1.7019760e-12	
   7.8000000e-03	  -1.9774077e-12	
   7.8500000e-03	  -1.9118155e-12	
   7.9000000e-03	  -1.8443180e-12	
   7.9500000e-03	  -1.6832963e-12	
   8.0000000e-03	  -1.5921498e-12	
   8.0500000e-03	  -1.7093909e-12	
   8.1000000e-03	  -1.9718125e-12	
   8.1500000e-03	  -1.8590457e-12	
   8.2000000e-03	  -1.8662741e-12	
   8.2500000e-03	  -2.0967085e-12	
   8.3000000e-03	  -2.2678977e-12	
   8.3500000e-03	  -1.6360684e-12	
   8.4000000e-03	  -1.7221229e-12	
   8.4500000e-03	  -2.2618081e-12	
   8.5000000e-03	  -2.1809991e-12	
   8.5500000e-03	  -2.2455453e-12	
   8.6000000e-03	  -3.1422585e-12	
   8.6500000e-03	  -3.0799492e-12	
   8.7000000e-03	  -2.7174777e-12	
   8.7500000e-03	  -2.4383828e-12	
   8.8000000e-03	  -2.3472856e-12	
   8.8500000e-03	  -2.2542118e-12	
   8.9000000e-03	  -1.9801784e-12	
   8.9500000e-03	  -2.1313945e-12	
   9.0000000e-03	  -2.3034242e-12	
   9.0500000e-03	  -2.5172772e-12	
   9.1000000e-03	  -2.3919697e-12	
   9.1500000e-03	  -2.3976029e-12	
   9.2000000e-03	  -2.0656851e-12	
   9.2500000e-03	  -1.9092115e-12	
   9.3000000e-03	  -1.7622084e-12	
   9.3500000e-03	  -1.8247905e-12	
   9.4000000e-03	  -1.7956355e-12	
   9.4500000e-03	  -2.1333352e-12	
   9.5000000e-03	  -2.2083611e-12	
   9.5500000e-03	  -2.4309120e-12	
   9.6000000e-03	  -2.6648547e-12	
   9.6500000e-03	  -2.5348686e-12	
   9.7000000e-03	  -3.3017840e-12	
   9.7500000e-03	  -3.6872326e-12	
   9.8000000e-03	  -4.4585477e-12	
   9.8500000e-03	  -5.1315123e-12	
   9.9000000e-03	  -6.1163438e-12	
   9.9500000e-03	  -7.4597328e-12	
   1.0000000e-02	  -8.4797761e-12	
   1.0050000e-02	  -1.0287811e-11	
   1.0100000e-02	  -1.2962988e-11	
   1.0150000e-02	  -1.4760302e-11	
   1.0200000e-02	  -1.7099257e-11	
   1.0250000e-02	  -1.9899992e-11	
   1.0300000e-02	  -2.1871065e-11	
   1.0350000e-02	  -2.4335459e-11	
   1.0400000e-02	  -2.6590099e-11	
   1.0450000e-02	  -2.8573164e-11	
   1.0500000e-02	  -3.0034844e-11	
   1.0550000e-02	  -3.1206795e-11	
   1.0600000e-02	  -3.1866699e-11	
   1.0650000e-02	  -3.2980317e-11	
   1.0700000e-02	  -3.3562572e-11	
   1.0750000e-02	  -3.3883675e-11	
   1.0800000e-02	  -3.4948469e-11	
   1.0850000e-02	  -3.6732862e-11	
   1.0900000e-02	  -3.7324600e-11	
   1.0950000e-02	  -3.7505234e-11	
   1.1000000e-02	  -3.7115101e-11	
   1.1050000e-02	  -3.7255154e-11	
   1.1100000e-02	  -3.7230951e-11	
   1.1150000e-02	  -3.6982308e-11	
   1.1200000e-02	  -3.6014460e-11	
   1.1250000e-02	  -3.4959445e-11	
   1.1300000e-02	  -3.4533808e-11	
   1.1350000e-02	  -3.4700794e-11	
   1.1400000e-02	  -3.4349131e-11	
   1.1450000e-02	  -3.3828603e-11	
   1.1500000e-02	  -3.3209598e-11	
   1.1550000e-02	  -3.1889400e-11	
   1.1600000e-02	  -3.1742994e-11	
   1.1650000e-02	  -3.0811454e-11	
   1.1700000e-02	  -3.1344083e-11	
   1.1750000e-02	  -3.0885553e-11	
   1.1800000e-02	  -3.0702310e-11	
   1.1850000e-02	  -3.1242343e-11	
   1.1900000e-02	  -3.0293461e-11	
   1.1950000e-02	  -2.8986314e-11	
   1.2000000e-02	  -2.8280010e-11	
   1.2050000e-02	  -2.8602133e-11	
   1.2100000e-02	  -2.8088785e-11	
   1.2150000e-02	  -2.6754074e-11	
   1.2200000e-02	  -2.5750043e-11	
   1.2250000e-02	  -2.5982566e-11	
   1.2300000e-02	  -2.5454504e-11	
   1.2350000e-02	  -2.5389756e-11	
   1.2400000e-02	  -2.4901702e-11	
   1.2450000e-02	  -2.4716301e-11	
   1.2500000e-02	  -2.3878371e-11	
   1.2550000e-02	  -2.3675517e-11	
   1.2600000e-02	  -2.3757813e-11	
   1.2650000e-02	  -2.2963137e-11	
   1.2700000e-02	  -2.2360180e-11	
   1.2750000e-02	  -2.2255487e-11	
   1.2800000e-02	  -2.2301130e-11	
   1.2850000e-02	  -2.2888068e-11	
   1.2900000e-02	  -2.3096232e-11	
   1.2950000e-02	  -2.2991564e-11	
   1.3000000e-02	  -2.2448331e-11	
   1.3050000e-02	  -2.1603594e-11	
   1.3100000e-02	  -2.0789148e-11	
   1.3150000e-02	  -1.9370742e-11	
   1.3200000e-02	  -1.8424803e-11	
   1.3250000e-02	  -1.7935956e-11	
   1.3300000e-02	  -1.7589428e-11	
   1.3350000e-02	  -1.8060272e-11	
   1.3400000e-02	  -1.7391365e-11	
   1.3450000e-02	  -1.7078213e-11	
   1.3500000e-02	  -1.7438924e-11	
   1.3550000e-02	  -1.7344996e-11	
   1.3600000e-02	  -1.6659494e-11	
   1.3650000e-02	  -1.6857757e-11	
   1.3700000e-02	  -1.6303520e-11	
   1.3750000e-02	  -1.6685570e-11	
   1.3800000e-02	  -1.6698616e-11	
   1.3850000e-02	  -1.6344610e-11	
   1.3900000e-02	  -1.5395497e-11	
   1.3950000e-02	  -1.5144669e-11	
   1.4000000e-02	  -1.5327524e-11	
   1.4050000e-02	  -1.5522620e-11	
   1.4100000e-02	  -1.5311805e-11	
   1.4150000e-02	  -1.4978183e-11	
   1.4200000e-02	  -1.4822116e-11	
   1.4250000e-02	  -1.4894673e-11	
   1.4300000e-02	  -1.4839472e-11	
   1.4350000e-02	  -1.5069260e-11	
   1.4400000e-02	  -1.5759556e-11	
   1.4450000e-02	  -1.5033829e-11	
   1.4500000e-02	  -1.5540388e-11	
   1.4550000e-02	  -1.4529126e-11	
   1.4600000e-02	  -1.4490756e-11	
   1.4650000e-02	  -1.4333327e-11	
   1.4700000e-02	  -1.4014316e-11	
   1.4750000e-02	  -1.3742442e-11	
   1.4800000e-02	  -1.3421657e-11	
   1.4850000e-02	  -1.3584558e-11	
   1.4900000e-02	  -1.3550417e-11	
   1.4950000e-02	  -1.3123246e-11	
   1.5000000e-02	  -1.2914568e-11	
   1.5050000e-02	  -1.2333094e-11	
   1.5100000e-02	  -1.2580108e-11	
   1.5150000e-02	  -1.1612784e-11	
   1.5200000e-02	  -1.1584640e-11	
   1.5250000e-02	  -1.1958242e-11	
   1.5300000e-02	  -1.1327737e-11	
   1.5350000e-02	  -1.0887517e-11	
   1.5400000e-02	  -1.0512617e-11	
   1.5450000e-02	  -1.0065842e-11	
   1.5500000e-02	  -9.6423342e-12	
   1.5550000e-02	  -1.0034349e-11	
   1.5600000e-02	  -9.3531069e-12	
   1.5650000e-02	  -9.8385109e-12	
   1.5700000e-02	  -1.0224862e-11	
   1.5750000e-02	  -1.0507289e-11	
   1.5800000e-02	  -1.0723458e-11	
   1.5850000e-02	  -1.0535873e-11	
   1.5900000e-02	  -1.0255153e-11	
   1.5950000e-02	  -9.9556315e-12	
   1.6000000e-02	  -9.7331901e-12	
   1.6050000e-02	  -9.2223208e-12	
   1.6100000e-02	  -9.2262287e-12	
   1.6150000e-02	  -8.8800789e-12	
   1.6200000e-02	  -9.0674896e-12	
   1.6250000e-02	  -8.8455454e-12	
   1.6300000e-02	  -9.0602632e-12	
   1.6350000e-02	  -8.8082264e-12	
   1.6400000e-02	  -8.4431851e-12	
   1.6450000e-02	  -8.0609022e-12	
   1.6500000e-02	  -8.0760698e-12	
   1.6550000e-02	  -7.9657281e-12	
   1.6600000e-02	  -8.4465445e-12	
   1.6650000e-02	  -7.6736728e-12	
   1.6700000e-02	  -7.8730756e-12	
   1.6750000e-02	  -8.2009871e-12	
   1.6800000e-02	  -8.6006881e-12	
   1.6850000e-02	  -8.2149443e-12	
   1.6900000e-02	  -8.0822313e-12	
   1.6950000e-02	  -8.1060390e-12	
   1.7000000e-02	  -8.0933810e-12	
   1.7050000e-02	  -7.9786889e-12	
   1.7100000e-02	  -8.1812754e-12	
   1.7150000e-02	  -8.2981884e-12	
   1.7200000e-02	  -8.6098627e-12	
   1.7250000e-02	  -8.6480486e-12	
   1.7300000e-02	  -8.8030405e-12	
   1.7350000e-02	  -8.5822739e-12	
   1.7400000e-02	  -7.8797091e-12	
   1.7450000e-02	  -8.0296882e-12	
   1.7500000e-02	  -7.4419515e-12	
   1.7550000e-02	  -7.6346611e-12	
   1.7600000e-02	  -7.7875912e-12	
   1.7650000e-02	  -7.8414731e-12	
   1.7700000e-02	  -8.0533420e-12	
   1.7750000e-02	  -7.8295296e-12	
   1.7800000e-02	  -7.8597478e-12	
   1.7850000e-02	  -7.9283687e-12	
   1.7900000e-02	  -7.4544126e-12	
   1.7950000e-02	  -6.8370702e-12	
   1.8000000e-02	  -6.6806406e-12	
   1.8050000e-02	  -6.5762330e-12	
   1.8100000e-02	  -6.3914349e-12	
   1.8150000e-02	  -6.5022313e-12	
   1.8200000e-02	  -5.7047670e-12	
   1.8250000e-02	  -5.2320444e-12	
   1.8300000e-02	  -5.4387713e-12	
   1.8350000e-02	  -5.0361583e-12	
   1.8400000e-02	  -5.6536079e-12	
   1.8450000e-02	  -6.2936781e-12	
   1.8500000e-02	  -6.5269408e-12	
   1.8550000e-02	  -6.4195553e-12	
   1.8600000e-02	  -6.6298394e-12	
   1.8650000e-02	  -6.8238555e-12	
   1.8700000e-02	  -6.9166424e-12	
   1.8750000e-02	  -7.2976302e-12	
   1.8800000e-02	  -7.0618364e-12	
   1.8850000e-02	  -7.5256174e-12	
   1.8900000e-02	  -7.9148255e-12	
   1.8950000e-02	  -7.5389391e-12	
   1.9000000e-02	  -7.3708276e-12	
   1.9050000e-02	  -7.7702520e-12	
   1.9100000e-02	  -7.9563264e-12	
   1.9150000e-02	  -8.4675651e-12	
   1.9200000e-02	  -7.9700746e-12	
   1.9250000e-02	  -7.3397618e-12	
   1.9300000e-02	  -7.8074433e-12	
   1.9350000e-02	  -7.9935383e-12	
   1.9400000e-02	  -7.5178364e-12	
   1.9450000e-02	  -7.1127222e-12	
   1.9500000e-02	  -7.7062964e-12	
   1.9550000e-02	  -7.1493309e-12	
   1.9600000e-02	  -6.6563663e-12	
   1.9650000e-02	  -6.2365252e-12	
   1.9700000e-02	  -5.7905510e-12	
   1.9750000e-02	  -5.7876982e-12	
   1.9800000e-02	  -5.8553459e-12	
   1.9850000e-02	  -5.5936358e-12	
   1.9900000e-02	  -5.8895282e-12	
   1.9950000e-02	  -6.2549610e-12	
   2.0000000e-02	  -6.2833642e-12	
   2.0050000e-02	  -6.3126466e-12	
   2.0100000e-02	  -6.1167496e-12	
   2.0150000e-02	  -5.5962034e-12	
   2.0200000e-02	  -5.5548613e-12	
   2.0250000e-02	  -5.5130961e-12	
   2.0300000e-02	  -6.1858556e-12	
   2.0350000e-02	  -6.5999834e-12	
   2.0400000e-02	  -6.8277534e-12	
   2.0450000e-02	  -6.5015675e-12	
   2.0500000e-02	  -5.9032113e-12	
   2.0550000e-02	  -5.7264664e-12	
   2.0600000e-02	  -6.0113840e-12	
   2.0650000e-02	  -6.2884268e-12	
   2.0700000e-02	  -6.1258015e-12	
   2.0750000e-02	  -5.9623341e-12	
   2.0800000e-02	  -6.2156252e-12	
   2.0850000e-02	  -5.6813106e-12	
   2.0900000e-02	  -5.6416691e-12	
   2.0950000e-02	  -6.2280797e-12	
   2.1000000e-02	  -6.5438319e-12	
   2.1050000e-02	  -6.3204441e-12	
   2.1100000e-02	  -6.1174257e-12	
   2.1150000e-02	  -5.9997200e-12	
   2.1200000e-02	  -5.9833413e-12	
   2.1250000e-02	  -5.5901532e-12	
   2.1300000e-02	  -5.8047593e-12	
   2.1350000e-02	  -6.3479473e-12	
   2.1400000e-02	  -6.4592461e-12	
   2.1450000e-02	  -6.1847751e-12	
   2.1500000e-02	  -5.5052870e-12	
   2.1550000e-02	  -5.4456803e-12	
   2.1600000e-02	  -5.5539473e-12	
   2.1650000e-02	  -6.0334950e-12	
   2.1700000e-02	  -5.5161754e-12	
   2.1750000e-02	  -5.4881336e-12	
   2.1800000e-02	  -5.5314836e-12	
   2.1850000e-02	  -5.1417307e-12	
   2.1900000e-02	  -4.7787433e-12	
   2.1950000e-02	  -4.6975757e-12	
   2.2000000e-02	  -4.7955106e-12	
   2.2050000e-02	  -4.8264897e-12	
   2.2100000e-02	  -5.0535062e-12	
   2.2150000e-02	  -5.4445053e-12	
   2.2200000e-02	  -6.1615775e-12	
   2.2250000e-02	  -6.3976600e-12	
   2.2300000e-02	  -6.5852338e-12	
   2.2350000e-02	  -5.7573067e-12	
   2.2400000e-02	  -5.5258480e-12	
   2.2450000e-02	  -5.3897477e-12	
   2.2500000e-02	  -5.3671494e-12	
   2.2550000e-02	  -5.2628845e-12	
   2.2600000e-02	  -5.2914706e-12	
   2.2650000e-02	  -5.2330690e-12	
   2.2700000e-02	  -5.1444576e-12	
   2.2750000e-02	  -4.8186733e-12	
   2.2800000e-02	  -4.7218707e-12	
   2.2850000e-02	  -5.1746380e-12	
   2.2900000e-02	  -4.9514236e-12	
   2.2950000e-02	  -4.9210137e-12	
   2.3000000e-02	  -4.7231400e-12	
   2.3050000e-02	  -4.7438317e-12	
   2.3100000e-02	  -5.2169452e-12	
   2.3150000e-02	  -4.7518319e-12	
   2.3200000e-02	  -4.9631262e-12	
   2.3250000e-02	  -5.1849627e-12	
   2.3300000e-02	  -5.2182867e-12	
   2.3350000e-02	  -5.2769814e-12	
   2.3400000e-02	  -5.4896046e-12	
   2.3450000e-02	  -5.2539242e-12	
   2.3500000e-02	  -4.8152552e-12	
   2.3550000e-02	  -4.1331901e-12	
   2.3600000e-02	  -4.2361510e-12	
   2.3650000e-02	  -3.3963443e-12	
   2.3700000e-02	  -2.9387345e-12	
   2.3750000e-02	  -3.0813687e-12	
   2.3800000e-02	  -3.4016778e-12	
   2.3850000e-02	  -2.8696738e-12	
   2.3900000e-02	  -2.9327345e-12	
   2.3950000e-02	  -3.4858104e-12	
   2.4000000e-02	  -4.0431170e-12	
   2.4050000e-02	  -4.0733695e-12	
   2.4100000e-02	  -4.3976169e-12	
   2.4150000e-02	  -4.3117380e-12	
   2.4200000e-02	  -3.9245801e-12	
   2.4250000e-02	  -3.8546027e-12	
   2.4300000e-02	  -3.4410990e-12	
   2.4350000e-02	  -3.5764820e-12	
   2.4400000e-02	  -3.7955595e-12	
   2.4450000e-02	  -3.8441707e-12	
   2.4500000e-02	  -3.4170347e-12	
   2.4550000e-02	  -3.5340573e-12	
   2.4600000e-02	  -3.7580301e-12	
   2.4650000e-02	  -3.7706673e-12	
   2.4700000e-02	  -3.3795319e-12	
   2.4750000e-02	  -3.1835350e-12	
   2.4800000e-02	  -3.4572050e-12	
   2.4850000e-02	  -3.5100865e-12	
   2.4900000e-02	  -3.5483449e-12	
   2.4950000e-02	  -3.5202296e-12	
   2.5000000e-02	  -3.8946958e-12	
   2.5050000e-02	  -4.1842361e-12	
   2.5100000e-02	  -4.2039732e-12	
   2.5150000e-02	  -4.7414914e-12	
   2.5200000e-02	  -5.2672931e-12	
   2.5250000e-02	  -5.1482114e-12	
   2.5300000e-02	  -5.5990485e-12	
   2.5350000e-02	  -5.7458029e-12	
   2.5400000e-02	  -5.7220208e-12	
   2.5450000e-02	  -5.0783513e-12	
   2.5500000e-02	  -4.8127159e-12	
   2.5550000e-02	  -4.6726675e-12	
   2.5600000e-02	  -4.4584534e-12	
   2.5650000e-02	  -4.0790731e-12	
   2.5700000e-02	  -3.6034221e-12	
   2.5750000e-02	  -3.0451664e-12	
   2.5800000e-02	  -2.7189525e-12	
   2.5850000e-02	  -2.4464823e-12	
   2.5900000e-02	  -2.1922267e-12	
   2.5950000e-02	  -2.0773832e-12	
   2.6000000e-02	  -2.1373802e-12	
   2.6050000e-02	  -2.5538770e-12	
   2.6100000e-02	  -2.9091386e-12	
   2.6150000e-02	  -3.4304744e-12	
   2.6200000e-02	  -3.2719044e-12	
   2.6250000e-02	  -3.4199687e-12	
   2.6300000e-02	  -3.5371339e-12	
   2.6350000e-02	  -3.9344051e-12	
   2.6400000e-02	  -4.5328439e-12	
   2.6450000e-02	  -4.3679928e-12	
   2.6500000e-02	  -4.1060811e-12	
   2.6550000e-02	  -4.1941050e-12	
   2.6600000e-02	  -3.9670501e-12	
   2.6650000e-02	  -3.3600025e-12	
   2.6700000e-02	  -3.4571536e-12	
   2.6750000e-02	  -3.3672722e-12	
   2.6800000e-02	  -3.9134911e-12	
   2.6850000e-02	  -3.9423248e-12	
   2.6900000e-02	  -3.7050250e-12	
   2.6950000e-02	  -3.3071024e-12	
   2.7000000e-02	  -2.9230813e-12	
   2.7050000e-02	  -2.1128262e-12	
   2.7100000e-02	  -1.9207590e-12	
   2.7150000e-02	  -2.5737606e-12	
   2.7200000e-02	  -2.1598444e-12	
   2.7250000e-02	  -2.8348673e-12	
   2.7300000e-02	  -2.9356340e-12	
   2.7350000e-02	  -2.7773918e-12	
   2.7400000e-02	  -3.0885084e-12	
   2.7450000e-02	  -2.4144011e-12	
   2.7500000e-02	  -2.0094825e-12	
   2.7550000e-02	  -2.1205253e-12	
   2.7600000e-02	  -2.2172145e-12	
   2.7650000e-02	  -1.7514210e-12	
   2.7700000e-02	  -2.0877699e-12	
   2.7750000e-02	  -2.7192092e-12	
   2.7800000e-02	  -3.4148869e-12	
   2.7850000e-02	  -3.8405284e-12	
   2.7900000e-02	  -3.6604827e-12	
   2.7950000e-02	  -3.3102471e-12	
   2.8000000e-02	  -3.8397568e-12	
   2.8050000e-02	  -3.6590456e-12	
   2.8100000e-02	  -3.3585539e-12	
   2.8150000e-02	  -3.2834269e-12	
   2.8200000e-02	  -3.0289382e-12	
   2.8250000e-02	  -2.8276114e-12	
   2.8300000e-02	  -2.9973900e-12	
   2.8350000e-02	  -2.8710710e-12	
   2.8400000e-02	  -2.5246701e-12	
   2.8450000e-02	  -2.1232338e-12	
   2.8500000e-02	  -2.1107213e-12	
   2.8550000e-02	  -2.2780474e-12	
   2.8600000e-02	  -2.0204879e-12	
   2.8650000e-02	  -2.0141364e-12	
   2.8700000e-02	  -2.2438308e-12	
   2.8750000e-02	  -2.0196061e-12	
   2.8800000e-02	  -2.6192565e-12	
   2.8850000e-02	  -2.8696446e-12	
   2.8900000e-02	  -3.0112531e-12	
   2.8950000e-02	  -2.9840618e-12	
   2.9000000e-02	  -3.5882343e-12	
   2.9050000e-02	  -3.9576158e-12	
   2.9100000e-02	  -4.2040068e-12	
   2.9150000e-02	  -4.3249204e-12	
   2.9200000e-02	  -4.3742755e-12	
   2.9250000e-02	  -3.9552028e-12	
   2.9300000e-02	  -3.3789887e-12	
   2.9350000e-02	  -3.6584701e-12	
   2.9400000e-02	  -3.6827970e-12	
   2.9450000e-02	  -3.7269158e-12	
   2.9500000e-02	  -3.0181521e-12	
   2.9550000e-02	  -3.0405229e-12	
   2.9600000e-02	  -3.0942898e-12	
   2.9650000e-02	  -2.9746867e-12	
   2.9700000e-02	  -3.0740730e-12	
   2.9750000e-02	  -2.7003972e-12	
   2.9800000e-02	  -1.9288359e-12	
   2.9850000e-02	  -2.1346271e-12	
   2.9900000e-02	  -2.1930561e-12	
   2.9950000e-02	  -2.4514208e-12	
   3.0000000e-02	  -2.7346812e-12	
   3.0050000e-02	  -2.9474988e-12	
   3.0100000e-02	  -3.0035655e-12	
   3.0150000e-02	  -2.6591672e-12	
   3.0200000e-02	  -2.7269596e-12	
   3.0250000e-02	  -2.5091959e-12	
   3.0300000e-02	  -2.0774296e-12	
   3.0350000e-02	  -1.9758388e-12	
   3.0400000e-02	  -2.3803776e-12	
   3.0450000e-02	  -2.0793133e-12	
   3.0500000e-02	  -2.5712256e-12	
   3.0550000e-02	  -2.4919511e-12	
   3.0600000e-02	  -2.1722509e-12	
   3.0650000e-02	  -1.7974608e-12	
   3.0700000e-02	  -1.6986850e-12	
   3.0750000e-02	  -1.9287782e-12	
   3.0800000e-02	  -2.9521549e-12	
   3.0850000e-02	  -3.1591307e-12	
   3.0900000e-02	  -3.0606307e-12	
   3.0950000e-02	  -2.7821682e-12	
   3.1000000e-02	  -2.5398451e-12	
   3.1050000e-02	  -2.8185293e-12	
   3.1100000e-02	  -3.4239170e-12	
   3.1150000e-02	  -3.8848126e-12	
   3.1200000e-02	  -4.5217489e-12	
   3.1250000e-02	  -4.1966854e-12	
   3.1300000e-02	  -3.3168646e-12	
   3.1350000e-02	  -3.4175762e-12	
   3.1400000e-02	  -2.3758451e-12	
   3.1450000e-02	  -2.1530956e-12	
   3.1500000e-02	  -2.9324691e-12	
   3.1550000e-02	  -2.9947947e-12	
   3.1600000e-02	  -3.1858947e-12	
   3.1650000e-02	  -2.9694067e-12	
   3.1700000e-02	  -2.8414369e-12	
   3.1750000e-02	  -2.4728737e-12	
   3.1800000e-02	  -2.3349969e-12	
   3.1850000e-02	  -2.7538243e-12	
   3.1900000e-02	  -2.7123735e-12	
   3.1950000e-02	  -2.6495826e-12	
   3.2000000e-02	  -2.9676524e-12	
   3.2050000e-02	  -2.5707255e-12	
   3.2100000e-02	  -2.1856442e-12	
   3.2150000e-02	  -1.9232131e-12	
   3.2200000e-02	  -1.9416701e-12	
   3.2250000e-02	  -1.9322870e-12	
   3.2300000e-02	  -1.9953324e-12	
   3.2350000e-02	  -2.2828560e-12	
   3.2400000e-02	  -2.5836718e-12	
   3.2450000e-02	  -2.4279520e-12	
   3.2500000e-02	  -2.8682187e-12	
   3.2550000e-02	  -3.3899457e-12	
   3.2600000e-02	  -3.7075116e-12	
   3.2650000e-02	  -3.6795930e-12	
   3.2700000e-02	  -3.9196604e-12	
   3.2750000e-02	  -3.8529494e-12	
   3.2800000e-02	  -3.9900073e-12	
   3.2850000e-02	  -4.1813433e-12	
   3.2900000e-02	  -4.5620122e-12	
   3.2950000e-02	  -5.0393489e-12	
   3.3000000e-02	  -4.7401603e-12	
   3.3050000e-02	  -4.1491858e-12	
   3.3100000e-02	  -3.6827309e-12	
   3.3150000e-02	  -2.7213917e-12	
   3.3200000e-02	  -2.3322700e-12	
   3.3250000e-02	  -1.8836888e-12	
   3.3300000e-02	  -1.9040282e-12	
   3.3350000e-02	  -2.5816608e-12	
   3.3400000e-02	  -2.4779417e-12	
   3.3450000e-02	  -2.6831761e-12	
   3.3500000e-02	  -2.1055270e-12	
   3.3550000e-02	  -1.4680681e-12	
   3.3600000e-02	  -1.3005226e-12	
   3.3650000e-02	  -1.4848160e-12	
   3.3700000e-02	  -1.8291889e-12	
   3.3750000e-02	  -1.7262192e-12	
   3.3800000e-02	  -1.5222291e-12	
   3.3850000e-02	  -1.2586599e-12	
   3.3900000e-02	  -1.1216928e-12	
   3.3950000e-02	  -2.0895321e-12	
   3.4000000e-02	  -1.2836470e-12	
   3.4050000e-02	  -8.0115466e-13	
   3.4100000e-02	  -9.1882657e-13	
   3.4150000e-02	  -1.0874213e-12	
   3.4200000e-02	  -6.8088764e-13	
   3.4250000e-02	  -6.5417461e-13	
   3.4300000e-02	  -1.1155059e-12	
   3.4350000e-02	  -1.2798495e-12	
   3.4400000e-02	  -9.9094409e-13	
   3.4450000e-02	  -9.3160180e-13	
   3.4500000e-02	  -9.5165802e-13	
   3.4550000e-02	  -9.5837905e-13	
   3.4600000e-02	  -1.1684534e-12	
   3.4650000e-02	  -9.6635536e-13	
   3.4700000e-02	  -6.9720802e-13	
   3.4750000e-02	  -6.4661850e-13	
   3.4800000e-02	  -7.2570286e-13	
   3.4850000e-02	  -1.7818927e-12	
   3.4900000e-02	  -1.8490158e-12	
   3.4950000e-02	  -1.7876296e-12	
   3.5000000e-02	  -2.1422896e-12	
   3.5050000e-02	  -2.2780931e-12	
   3.5100000e-02	  -2.3103399e-12	
   3.5150000e-02	  -2.5653321e-12	
   3.5200000e-02	  -2.3333390e-12	
   3.5250000e-02	  -2.7374947e-12	
   3.5300000e-02	  -2.6675008e-12	
   3.5350000e-02	  -2.1271077e-12	
   3.5400000e-02	  -1.7292949e-12	
   3.5450000e-02	  -1.0536017e-12	
   3.5500000e-02	  -1.0701317e-12	
   3.5550000e-02	  -1.7216491e-12	
   3.5600000e-02	  -1.8617805e-12	
   3.5650000e-02	  -1.3848647e-12	
   3.5700000e-02	  -1.2359048e-12	
   3.5750000e-02	  -1.1547509e-12	
   3.5800000e-02	  -1.1637438e-12	
   3.5850000e-02	  -5.8160616e-13	
   3.5900000e-02	  -8.1159493e-13	
   3.5950000e-02	  -1.1091232e-12	
   3.6000000e-02	  -6.7541459e-13	
   3.6050000e-02	  -6.8366038e-13	
   3.6100000e-02	  -7.3054800e-13	
   3.6150000e-02	  -1.1044541e-12	
   3.6200000e-02	  -1.4538064e-12	
   3.6250000e-02	  -1.9626703e-12	
   3.6300000e-02	  -2.4768145e-12	
   3.6350000e-02	  -2.4977225e-12	
   3.6400000e-02	  -1.9983185e-12	
   3.6450000e-02	  -2.2807034e-12	
   3.6500000e-02	  -2.2932953e-12	
   3.6550000e-02	  -2.7427031e-12	
   3.6600000e-02	  -2.5359774e-12	
   3.6650000e-02	  -2.8161433e-12	
   3.6700000e-02	  -2.9588409e-12	
   3.6750000e-02	  -3.1775936e-12	
   3.6800000e-02	  -2.5688208e-12	
   3.6850000e-02	  -1.9694771e-12	
   3.6900000e-02	  -1.9167916e-12	
   3.6950000e-02	  -1.9869115e-12	
   3.7000000e-02	  -2.0254102e-12	
   3.7050000e-02	  -2.3984089e-12	
   3.7100000e-02	  -3.0923356e-12	
   3.7150000e-02	  -3.4535712e-12	
   3.7200000e-02	  -3.6958004e-12	
   3.7250000e-02	  -3.1802999e-12	
   3.7300000e-02	  -3.5480464e-12	
   3.7350000e-02	  -3.9455386e-12	
   3.7400000e-02	  -3.5997836e-12	
   3.7450000e-02	  -3.4169976e-12	
   3.7500000e-02	  -2.9272075e-12	
   3.7550000e-02	  -2.3884391e-12	
   3.7600000e-02	  -2.2864966e-12	
   3.7650000e-02	  -2.4548375e-12	
   3.7700000e-02	  -2.6177884e-12	
   3.7750000e-02	  -3.0866887e-12	
   3.7800000e-02	  -3.8992547e-12	
   3.7850000e-02	  -3.9745649e-12	
   3.7900000e-02	  -3.5072038e-12	
   3.7950000e-02	  -3.2742437e-12	
   3.8000000e-02	  -3.4166059e-12	
   3.8050000e-02	  -3.3853402e-12	
   3.8100000e-02	  -3.3256464e-12	
   3.8150000e-02	  -3.9263073e-12	
   3.8200000e-02	  -4.1440251e-12	
   3.8250000e-02	  -3.8992618e-12	
   3.8300000e-02	  -3.2271634e-12	
   3.8350000e-02	  -3.7044756e-12	
   3.8400000e-02	  -3.5547571e-12	
   3.8450000e-02	  -3.6918854e-12	
   3.8500000e-02	  -3.0225407e-12	
   3.8550000e-02	  -2.7841017e-12	
   3.8600000e-02	  -2.9459041e-12	
   3.8650000e-02	  -2.6933612e-12	
   3.8700000e-02	  -3.1432019e-12	
   3.8750000e-02	  -2.3096172e-12	
   3.8800000e-02	  -2.2670871e-12	
   3.8850000e-02	  -1.9856279e-12	
   3.8900000e-02	  -1.4264865e-12	
   3.8950000e-02	  -1.8926025e-12	
   3.9000000e-02	  -1.9704683e-12	
   3.9050000e-02	  -1.6681994e-12	
   3.9100000e-02	  -2.3761877e-12	
   3.9150000e-02	  -2.5828855e-12	
   3.9200000e-02	  -2.6946274e-12	
   3.9250000e-02	  -2.6340929e-12	
   3.9300000e-02	  -3.1404228e-12	
   3.9350000e-02	  -3.0053537e-12	
   3.9400000e-02	  -3.5495455e-12	
   3.9450000e-02	  -2.9347388e-12	
   3.9500000e-02	  -2.6722129e-12	
   3.9550000e-02	  -2.3548917e-12	
   3.9600000e-02	  -2.0916788e-12	
   3.9650000e-02	  -2.2850127e-12	
   3.9700000e-02	  -3.0938002e-12	
   3.9750000e-02	  -2.4365679e-12	
   3.9800000e-02	  -1.2369742e-12	
   3.9850000e-02	  -4.3936003e-13	
   3.9900000e-02	  -6.9831684e-13	
   3.9950000e-02	  -1.1646273e-12	
   4.0000000e-02	  -1.5094271e-12	
   4.0050000e-02	  -2.1569475e-12	
   4.0100000e-02	  -1.9826365e-12	
   4.0150000e-02	  -1.6325548e-12	
   4.0200000e-02	  -2.0650749e-12	
   4.0250000e-02	  -2.5492319e-12	
   4.0300000e-02	  -3.0226050e-12	
   4.0350000e-02	  -2.9461562e-12	
   4.0400000e-02	  -2.7175877e-12	
   4.0450000e-02	  -3.1482647e-12	
   4.0500000e-02	  -3.4533331e-12	
   4.0550000e-02	  -3.2539537e-12	
   4.0600000e-02	  -2.9414242e-12	
   4.0650000e-02	  -2.7452747e-12	
   4.0700000e-02	  -3.0194816e-12	
   4.0750000e-02	  -3.1186427e-12	
   4.0800000e-02	  -3.0156494e-12	
   4.0850000e-02	  -3.5320246e-12	
   4.0900000e-02	  -4.0106888e-12	
   4.0950000e-02	  -4.4825956e-12	
   4.1000000e-02	  -3.4995938e-12	
   4.1050000e-02	  -2.8759243e-12	
   4.1100000e-02	  -2.6176920e-12	
   4.1150000e-02	  -1.9684231e-12	
   4.1200000e-02	  -1.9951740e-12	
   4.1250000e-02	  -1.9044462e-12	
   4.1300000e-02	  -1.7209786e-12	
   4.1350000e-02	  -1.4529699e-12	
   4.1400000e-02	  -1.6823134e-12	
   4.1450000e-02	  -2.6297491e-12	
   4.1500000e-02	  -2.9408088e-12	
   4.1550000e-02	  -2.7451521e-12	
   4.1600000e-02	  -2.6879385e-12	
   4.1650000e-02	  -2.5875216e-12	
   4.1700000e-02	  -2.1933037e-12	
   4.1750000e-02	  -2.8755472e-12	
   4.1800000e-02	  -2.6709876e-12	
   4.1850000e-02	  -3.0002990e-12	
   4.1900000e-02	  -3.3634165e-12	
   4.1950000e-02	  -3.2592113e-12	
   4.2000000e-02	  -3.3169931e-12	
   4.2050000e-02	  -3.4141814e-12	
   4.2100000e-02	  -3.6293531e-12	
   4.2150000e-02	  -3.2953779e-12	
   4.2200000e-02	  -2.9695264e-12	
   4.2250000e-02	  -3.0642252e-12	
   4.2300000e-02	  -3.0784707e-12	
   4.2350000e-02	  -3.0981418e-12	
   4.2400000e-02	  -3.3069440e-12	
   4.2450000e-02	  -2.8697071e-12	
   4.2500000e-02	  -2.8822120e-12	
   4.2550000e-02	  -3.1815187e-12	
   4.2600000e-02	  -3.1512660e-12	
   4.2650000e-02	  -2.6181030e-12	
   4.2700000e-02	  -2.0503974e-12	
   4.2750000e-02	  -2.2533219e-12	
   4.2800000e-02	  -2.8014288e-12	
   4.2850000e-02	  -2.9661781e-12	
   4.2900000e-02	  -2.4899787e-12	
   4.2950000e-02	  -3.1468309e-12	
   4.3000000e-02	  -3.5468706e-12	
   4.3050000e-02	  -3.3401761e-12	
   4.3100000e-02	  -3.7965285e-12	
   4.3150000e-02	  -3.3442297e-12	
   4.3200000e-02	  -2.5620643e-12	
   4.3250000e-02	  -1.6358781e-12	
   4.3300000e-02	  -1.1810968e-12	
   4.3350000e-02	  -1.0628633e-12	
   4.3400000e-02	  -1.3893773e-12	
   4.3450000e-02	  -1.2883470e-12	
   4.3500000e-02	  -1.9343762e-12	
   4.3550000e-02	  -1.6307751e-12	
   4.3600000e-02	  -1.4900969e-12	
   4.3650000e-02	  -2.0121745e-12	
   4.3700000e-02	  -2.4736420e-12	
   4.3750000e-02	  -3.2849426e-12	
   4.3800000e-02	  -2.6212350e-12	
   4.3850000e-02	  -3.3431133e-12	
   4.3900000e-02	  -2.2335170e-12	
   4.3950000e-02	  -2.8815234e-12	
   4.4000000e-02	  -4.0756792e-12	
   4.4050000e-02	  -3.5656370e-12	
   4.4100000e-02	  -3.3038283e-12	
   4.4150000e-02	  -3.3446704e-12	
   4.4200000e-02	  -3.0356438e-12	
   4.4250000e-02	  -2.6767358e-12	
   4.4300000e-02	  -2.8025259e-12	
   4.4350000e-02	  -2.7345177e-12	
   4.4400000e-02	  -3.3740268e-12	
   4.4450000e-02	  -3.6990792e-12	
   4.4500000e-02	  -4.3952843e-12	
   4.4550000e-02	  -4.1156940e-12	
   4.4600000e-02	  -3.9432277e-12	
   4.4650000e-02	  -4.3744149e-12	
   4.4700000e-02	  -5.1360058e-12	
   4.4750000e-02	  -3.8484365e-12	
   4.4800000e-02	  -3.8879515e-12	
   4.4850000e-02	  -3.6686332e-12	
   4.4900000e-02	  -3.4721358e-12	
   4.4950000e-02	  -3.0041538e-12	
   4.5000000e-02	  -2.6005028e-12	
   4.5050000e-02	  -2.8433550e-12	
   4.5100000e-02	  -2.5671662e-12	
   4.5150000e-02	  -2.5614759e-12	
   4.5200000e-02	  -2.5281878e-12	
   4.5250000e-02	  -2.2186961e-12	
   4.5300000e-02	  -2.3702879e-12	
   4.5350000e-02	  -2.0217639e-12	
   4.5400000e-02	  -1.8476573e-12	
   4.5450000e-02	  -2.7022604e-12	
   4.5500000e-02	  -2.6536593e-12	
   4.5550000e-02	  -2.3257757e-12	
   4.5600000e-02	  -2.2693194e-12	
   4.5650000e-02	  -2.7414698e-12	
   4.5700000e-02	  -2.2988584e-12	
   4.5750000e-02	  -2.3666858e-12	
   4.5800000e-02	  -3.1803128e-12	
   4.5850000e-02	  -3.6192555e-12	
   4.5900000e-02	  -3.0525031e-12	
   4.5950000e-02	  -3.2889412e-12	
   4.6000000e-02	  -3.9932443e-12	
   4.6050000e-02	  -4.1474503e-12	
   4.6100000e-02	  -4.2176421e-12	
   4.6150000e-02	  -3.4072634e-12	
   4.6200000e-02	  -3.1709323e-12	
   4.6250000e-02	  -3.4563154e-12	
   4.6300000e-02	  -3.5031164e-12	
   4.6350000e-02	  -2.8172253e-12	
   4.6400000e-02	  -2.6008175e-12	
   4.6450000e-02	  -2.4737778e-12	
   4.6500000e-02	  -2.6999531e-12	
   4.6550000e-02	  -3.5188068e-12	
   4.6600000e-02	  -3.2711495e-12	
   4.6650000e-02	  -3.6585163e-12	
   4.6700000e-02	  -3.8616478e-12	
   4.6750000e-02	  -4.5871444e-12	
   4.6800000e-02	  -3.9267863e-12	
   4.6850000e-02	  -3.4801198e-12	
   4.6900000e-02	  -3.1859129e-12	
   4.6950000e-02	  -1.8840980e-12	
   4.7000000e-02	  -2.2023686e-12	
   4.7050000e-02	  -2.3227930e-12	
   4.7100000e-02	  -2.8230614e-12	
   4.7150000e-02	  -3.2186645e-12	
   4.7200000e-02	  -4.0573012e-12	
   4.7250000e-02	  -3.9863653e-12	
   4.7300000e-02	  -4.1006507e-12	
   4.7350000e-02	  -3.9172938e-12	
   4.7400000e-02	  -4.6455012e-12	
   4.7450000e-02	  -4.7457435e-12	
   4.7500000e-02	  -4.7576845e-12	
   4.7550000e-02	  -4.9091167e-12	
   4.7600000e-02	  -4.3576236e-12	
   4.7650000e-02	  -3.9299850e-12	
   4.7700000e-02	  -3.4916138e-12	
   4.7750000e-02	  -3.8735978e-12	
   4.7800000e-02	  -3.1264800e-12	
   4.7850000e-02	  -3.0555653e-12	
   4.7900000e-02	  -3.4944803e-12	
   4.7950000e-02	  -3.4453529e-12	
   4.8000000e-02	  -3.5177239e-12	
   4.8050000e-02	  -3.4973176e-12	
   4.8100000e-02	  -3.5733031e-12	
   4.8150000e-02	  -3.9745332e-12	
   4.8200000e-02	  -3.9755186e-12	
   4.8250000e-02	  -4.0147472e-12	
   4.8300000e-02	  -4.0677613e-12	
   4.8350000e-02	  -3.7542174e-12	
   4.8400000e-02	  -3.2751018e-12	
   4.8450000e-02	  -2.7373928e-12	
   4.8500000e-02	  -2.6742840e-12	
   4.8550000e-02	  -3.2372100e-12	
   4.8600000e-02	  -2.8891776e-12	
   4.8650000e-02	  -1.9293740e-12	
   4.8700000e-02	  -1.5061290e-12	
   4.8750000e-02	  -1.5940056e-12	
   4.8800000e-02	  -1.6451695e-12	
   4.8850000e-02	  -2.5781874e-12	
   4.8900000e-02	  -2.7773037e-12	
   4.8950000e-02	  -2.6363806e-12	
   4.9000000e-02	  -2.5855290e-12	
   4.9050000e-02	  -4.1456812e-12	
   4.9100000e-02	  -4.1841214e-12	
   4.9150000e-02	  -3.3237469e-12	
   4.9200000e-02	  -3.2419211e-12	
   4.9250000e-02	  -3.5981422e-12	
   4.9300000e-02	  -2.9148914e-12	
   4.9350000e-02	  -2.3485189e-12	
   4.9400000e-02	  -3.2593114e-12	
   4.9450000e-02	  -3.4022527e-12	
   4.9500000e-02	  -3.2562062e-12	
   4.9550000e-02	  -2.5471626e-12	
   4.9600000e-02	  -2.6637384e-12	
   4.9650000e-02	  -2.9048590e-12	
   4.9700000e-02	  -3.0095857e-12	
   4.9750000e-02	  -3.1221007e-12	
   4.9800000e-02	  -3.0577810e-12	
   4.9850000e-02	  -2.1905943e-12	
   4.9900000e-02	  -2.0516557e-12	
   4.9950000e-02	  -2.0959322e-12	
   5.0000000e-02	  -2.3982665e-12	
