  -0.0000000e+00	
  -5.7895396e-12	
  -1.0746319e-11	
  -1.4979929e-11	
  -1.8585664e-11	
  -2.1646385e-11	
  -2.4234138e-11	
  -2.6411566e-11	
  -2.8233136e-11	
  -2.9746199e-11	
  -3.0991925e-11	
  -3.2006104e-11	
  -3.2819848e-11	
  -3.3460202e-11	
  -3.3950674e-11	
  -3.4311696e-11	
  -3.4561024e-11	
  -3.4714088e-11	
  -3.4784297e-11	
  -3.4783297e-11	
  -3.4721210e-11	
  -3.4606822e-11	
  -3.4447766e-11	
  -3.4250669e-11	
  -3.4021282e-11	
  -3.3764597e-11	
  -3.3484944e-11	
  -3.3186078e-11	
  -3.2871256e-11	
  -3.2543299e-11	
  -3.2204650e-11	
  -3.1857424e-11	
  -3.1503451e-11	
  -3.1144314e-11	
  -3.0781377e-11	
  -3.0415820e-11	
  -3.0048659e-11	
  -2.9680767e-11	
  -2.9312896e-11	
  -2.8945691e-11	
  -2.8579704e-11	
  -2.8215405e-11	
  -2.7853196e-11	
  -2.7493419e-11	
  -2.7136360e-11	
  -2.6782262e-11	
  -2.6431327e-11	
  -2.6083725e-11	
  -2.5739593e-11	
  -2.5399044e-11	
  -2.5062169e-11	
  -2.4729039e-11	
  -2.4399707e-11	
  -2.4074215e-11	
  -2.3752589e-11	
  -2.3434846e-11	
  -2.3120995e-11	
  -2.2811034e-11	
  -2.2504956e-11	
  -2.2202749e-11	
  -2.1904395e-11	
  -2.1609871e-11	
  -2.1319152e-11	
  -2.1032208e-11	
  -2.0749009e-11	
  -2.0469521e-11	
  -2.0193709e-11	
  -1.9921536e-11	
  -1.9652965e-11	
  -1.9387955e-11	
  -1.9126468e-11	
  -1.8868464e-11	
  -1.8613901e-11	
  -1.8362740e-11	
  -1.8114938e-11	
  -1.7870455e-11	
  -1.7629249e-11	
  -1.7391281e-11	
  -1.7156507e-11	
  -1.6924889e-11	
  -1.6696385e-11	
  -1.6470955e-11	
  -1.6248559e-11	
  -1.6029158e-11	
  -1.5812712e-11	
  -1.5599183e-11	
  -1.5388531e-11	
  -1.5180720e-11	
  -1.4975710e-11	
  -1.4773466e-11	
  -1.4573950e-11	
  -1.4377126e-11	
  -1.4182957e-11	
  -1.3991409e-11	
  -1.3802446e-11	
  -1.3616033e-11	
  -1.3432137e-11	
  -1.3250723e-11	
  -1.3071758e-11	
  -1.2895210e-11	
  -1.2721045e-11	
  -1.2549232e-11	
  -1.2379739e-11	
  -1.2212535e-11	
  -1.2047588e-11	
  -1.1884869e-11	
  -1.1724347e-11	
  -1.1565993e-11	
  -1.1409778e-11	
  -1.1255672e-11	
  -1.1103648e-11	
  -1.0953676e-11	
  -1.0805731e-11	
  -1.0659783e-11	
  -1.0515806e-11	
  -1.0373774e-11	
  -1.0233660e-11	
  -1.0095439e-11	
  -9.9590842e-12	
  -9.8245713e-12	
  -9.6918751e-12	
  -9.5609711e-12	
  -9.4318351e-12	
  -9.3044433e-12	
  -9.1787721e-12	
  -9.0547983e-12	
  -8.9324989e-12	
  -8.8118513e-12	
  -8.6928333e-12	
  -8.5754227e-12	
  -8.4595980e-12	
  -8.3453377e-12	
  -8.2326206e-12	
  -8.1214259e-12	
  -8.0117331e-12	
  -7.9035219e-12	
  -7.7967722e-12	
  -7.6914643e-12	
  -7.5875788e-12	
  -7.4850964e-12	
  -7.3839982e-12	
  -7.2842655e-12	
  -7.1858799e-12	
  -7.0888231e-12	
  -6.9930772e-12	
  -6.8986245e-12	
  -6.8054475e-12	
  -6.7135291e-12	
  -6.6228521e-12	
  -6.5333999e-12	
  -6.4451559e-12	
  -6.3581037e-12	
  -6.2722274e-12	
  -6.1875109e-12	
  -6.1039387e-12	
  -6.0214952e-12	
  -5.9401653e-12	
  -5.8599338e-12	
  -5.7807861e-12	
  -5.7027073e-12	
  -5.6256831e-12	
  -5.5496992e-12	
  -5.4747417e-12	
  -5.4007965e-12	
  -5.3278501e-12	
  -5.2558890e-12	
  -5.1848998e-12	
  -5.1148694e-12	
  -5.0457849e-12	
  -4.9776335e-12	
  -4.9104026e-12	
  -4.8440797e-12	
  -4.7786527e-12	
  -4.7141093e-12	
  -4.6504377e-12	
  -4.5876261e-12	
  -4.5256629e-12	
