  -8.4797761e-12	
  -4.4982712e-12	
  -2.2166691e-12	
   2.1962694e-13	
   1.4864073e-12	
   1.7463928e-12	
   2.3630731e-12	
   2.0761078e-12	
   1.6430362e-12	
   1.1730351e-12	
   9.5708130e-13	
   7.9930862e-13	
   9.5314916e-13	
   4.7988527e-13	
   3.8810214e-13	
   4.2802074e-13	
  -3.8744547e-13	
  -2.0187737e-12	
  -2.5403038e-12	
  -2.7219362e-12	
  -2.3938915e-12	
  -2.6483321e-12	
  -2.7831849e-12	
  -2.7316392e-12	
  -1.9931777e-12	
  -1.1948477e-12	
  -1.0488641e-12	
  -1.5147156e-12	
  -1.4778746e-12	
  -1.2853040e-12	
  -1.0049483e-12	
  -3.1975988e-14	
  -2.3954280e-13	
   3.3285984e-13	
  -5.6270625e-13	
  -4.6973234e-13	
  -6.5365157e-13	
  -1.5615766e-12	
  -9.8056518e-13	
  -4.0622441e-14	
   2.9969390e-13	
  -3.8672766e-13	
  -2.3558817e-13	
   7.3934420e-13	
   1.3863162e-12	
   7.9969554e-13	
   9.7682328e-13	
   6.9396862e-13	
   8.3789077e-13	
   6.8274359e-13	
   1.1837986e-12	
   1.0535217e-12	
   6.4189379e-13	
   1.1110781e-12	
   1.3924083e-12	
   1.1793590e-12	
   8.1986503e-13	
  -7.7034614e-14	
  -5.9127547e-13	
  -7.8881476e-13	
  -5.4393679e-13	
   6.2770708e-15	
   5.3000333e-13	
   1.6614661e-12	
   2.3242061e-12	
   2.5335655e-12	
   2.6042815e-12	
   1.8612646e-12	
   2.2615993e-12	
   2.3097422e-12	
   1.6875439e-12	
   1.5234673e-12	
   1.9544071e-12	
   1.5049828e-12	
   1.8114180e-12	
   1.1848845e-12	
   9.3063368e-13	
   1.0466707e-12	
   1.7610100e-12	
   1.7802198e-12	
   1.3688609e-12	
   9.4833541e-13	
   9.3675451e-13	
   1.0509753e-12	
   9.9059651e-13	
   7.0451013e-13	
   5.4905891e-13	
   1.1145969e-13	
  -7.8384560e-13	
  -2.6036248e-13	
  -9.6643782e-13	
  -1.5200048e-13	
  -3.0779846e-13	
  -3.4191770e-13	
  -2.1187005e-13	
  -1.2640920e-13	
   1.0480217e-14	
  -3.3383517e-13	
  -4.7865851e-13	
  -2.2803583e-13	
  -1.9352262e-13	
   2.1613858e-13	
  -2.0036898e-13	
   5.9975101e-13	
   4.6294764e-13	
  -7.3372690e-14	
   3.9661037e-13	
   6.7847625e-13	
   8.9716107e-13	
   1.1898299e-12	
   1.4613135e-12	
   9.1932722e-13	
   1.4526236e-12	
   8.2127195e-13	
   2.9094454e-13	
  -1.3351539e-13	
  -4.8979819e-13	
  -4.4043411e-13	
  -2.9606882e-13	
  -1.3106021e-13	
  -4.1315055e-14	
   3.3865025e-13	
   2.0560645e-13	
   4.2436440e-13	
   1.1128248e-13	
   2.0925288e-13	
  -1.2776430e-13	
   3.6249114e-15	
   2.4964820e-13	
   5.1452052e-13	
   3.8352824e-13	
   3.7960954e-13	
  -2.1392389e-13	
   4.4775312e-13	
   1.3865751e-13	
  -2.9746523e-13	
  -8.0391591e-13	
  -5.2348003e-13	
  -4.9465247e-13	
  -6.2094260e-13	
  -7.0938276e-13	
  -6.9442335e-13	
  -9.9539554e-13	
  -1.2093653e-12	
  -1.6167855e-12	
  -1.7494241e-12	
  -1.9975929e-12	
  -1.8687449e-12	
  -1.2568569e-12	
  -1.4962883e-12	
  -9.9679565e-13	
  -1.2765574e-12	
  -1.5153638e-12	
  -1.6539622e-12	
  -1.9494033e-12	
  -1.8080344e-12	
  -1.9195825e-12	
  -2.0684348e-12	
  -1.6736266e-12	
  -1.1343629e-12	
  -1.0549575e-12	
  -1.0265338e-12	
  -9.1669325e-13	
  -1.1014348e-12	
  -3.7691685e-13	
   2.3844561e-14	
  -2.5387152e-13	
   7.8711106e-14	
  -6.0782301e-13	
  -1.3160446e-12	
  -1.6165382e-12	
  -1.5754756e-12	
  -1.8511867e-12	
  -2.1097462e-12	
  -2.2662047e-12	
  -2.7100040e-12	
  -2.5361735e-12	
