NaN
0.19485
0.07585
0.42485
0.1973
0.3613
0.7921
0.08725
0.3997
0.5415
1.3949
0.1195
0.4796
0.1182
0.8706
0.44975
1.2731
0.02745
0.2056
0.94065
0.79775
NaN
0.0296
0.0396
0.351
0.1622
0.86645
0.2806
1.0941
0.2234
0.309
0.0533
0.13915
0.061
0.20615
0.0354
0.478
0.5873
0.30165
0.1026
0.03955
0.0966
0.17855
0.12105
0.0316
0.5961
0.1189
0.0113
0.02365
0.02705
0.59035
0.09825
0.6457
0.14655
0.0173
NaN
0.2802
0.15725
0.74315
0.1542
0.0073
0.8585
0.5222
0.21195
0.2643
0.47955
0.0564
0.05095
1.5349
0.3597
0.3918
0.1866
0.2788
0.37395
0.1687
0.4253
0.10235
0.54015
0.2066
0.39455
0.02445
NaN
