2.9113e-11
2.3468e-11
8.4309e-11
1.1677e-10
1.1433e-10
2.3337e-11
3.7333e-11
4.9888e-11
4.4811e-11
1.2813e-10
3.9677e-11
4.5806e-11
3.4294e-11
1.6709e-11
2.2085e-11
4.6378e-11
4.2404e-11
2.6086e-11
1.7534e-11
3.6923e-11
3.2836e-11
6.3829e-11
5.7189e-11
5.4324e-11
1.3721e-10
1.0338e-10
2.551e-11
9.3938e-11
1.5008e-11
1.9523e-11
2.3723e-11
4.3846e-11
1.8553e-11
1.5746e-11
2.3489e-11
1.9973e-11
1.9749e-11
2.0784e-11
4.9098e-11
2.5956e-11
8.2371e-11
8.7827e-11
1.819e-11
2.3181e-11
2.3431e-11
1.0001e-10
2.3888e-11
2.0885e-11
2.3278e-11
2.1441e-11
3.694e-11
4.8814e-11
2.0992e-11
9.6257e-11
1.6742e-11
9.4244e-11
2.5696e-11
8.6011e-11
3.929e-11
4.8725e-11
2.1093e-11
3.1455e-11
4.3086e-11
3.3374e-11
4.9298e-11
1.9598e-11
1.4003e-10
6.974e-11
3.1412e-11
3.0604e-11
2.202e-11
5.0446e-11
1.361e-10
1.6966e-11
2.5337e-11
1.8716e-11
2.5411e-11
9.8194e-11
3.0484e-11
2.4208e-11
3.1868e-11
1.8598e-11
