NaN
0.3565
2.8917
2.2579
0.482
0.38745
2.3209
0.1759
0.87365
1.6058
1.0948
0.6
1.092
1.2895
0.3055
0.94345
1.5268
0.47815
1.2577
1.4494
0.1702
1.5755
0.6041
0.27665
1.5496
NaN
0.45725
0.18515
0.3523
0.1381
0.164
9.2137
0.01335
0.19975
0.07795
3.9326
1.0697
1.9232
0.52845
0.10995
0.09325
0.67785
0.30095
0.03625
0.02875
0.18195
0.3697
0.6277
0.068
1.1073
0.618
1.0259
0.559
0.12695
0.0883
0.06415
0.6986
0.02
0.23125
0.0559
0.1177
0.0335
0.02165
0.07115
0.2044
0.19725
0.1169
0.02995
0.0868
NaN
0.3638
2.0405
0.00115
0.51625
0.3513
0.9725
1.6121
0.609
0.22775
0.82585
0.65315
0.5894
1.0706
1.4375
0.04115
0.0259
0.0572
1.6348
0.34705
1.3501
2.0716
0.23975
0.3295
1.6484
0.8545
0.1275
0.5541
0.1739
0.1121
1.7103
0.00185
0.99715
1.1969
0.47575
4.1188
NaN
1.9962
0.5231
2.7583
1.1775
0.7992
0.1995
0.0021
0.7245
3.039
0.27605
0.68265
1.0727
1.1528
1.3961
3.0004
2.757
4.2252
