NaN
0.3866
0.0487
4.7593
1.4461
1.9812
0.80325
0.92105
1.0099
1.2568
0.05215
0.19855
4.4229
0.29245
1.4843
1.6509
3.4688
1.5058
0.1165
0.08845
0.05245
NaN
1.4771
0.5802
1.5537
0.64355
1.9249
1.6179
6.0799
2.96
1.2477
0.56155
1.2694
0.06125
3.3037
0.91625
0.4279
1.5528
0.73535
0.2045
0.99845
0.1502
0.3669
0.8986
NaN
2.7528
0.457
0.0602
2.4501
1.2921
0.13805
8.6422
1.5859
2.0921
2.7174
0.56895
0.5051
NaN
0.0824
0.6448
1.3913
0.0024
0.5058
0.15005
2.1197
1.4447
0.0585
1.2322
0.85565
2.9225
1.7271
2.4795
1.0041
1.0563
3.9469
4.4265
0.2217
