NaN
3.4948
0.80175
1.5002
0.4798
0.03635
0.49645
1.8907
0.4839
1.5665
0.1806
0.32265
0.9005
0.077
0.5229
0.0027
0.03315
0.4029
0.0788
3.0936
0.2462
0.5752
3.4632
0.9591
0.5574
1.4635
1.534
0.2177
0.06825
0.4857
1.4513
0.2435
0.2195
1.6408
0.76395
0.10865
0.0084
0.05475
0.03685
3.2962
1.0642
2.1486
0.3273
2.3839
0.95025
2.6814
1.0135
1.7212
0.27915
2.2315
3.8789
0.2236
2.0775
0.09675
0.14125
0.66035
1.479
0.6111
2.535
1.5745
0.7826
0.5393
0.40035
0.3267
0.56035
1.6501
0.00295
1.2605
0.00665
2.1939
0.14785
0.6745
0.6982
0.2374
0.1934
1.1514
0.8369
2.7676
0.50975
0.10305
0.357
2.8501
1.9727
1.2795
3.7632
3.0603
2.3397
2.4239
0.3477
0.3468
0.5773
0.15525
0.32425
0.1414
1.2342
0.15535
0.91185
0.89585
1.7998
5.457
0.0969
0.69785
1.0921
0.11225
1.0627
0.3718
0.2271
0.0182
0.613
3.9302
0.54805
0.0898
0.1787
2.0836
0.25
0.01355
0.24205
0.2747
0.2211
