0.0189
3.5137
4.3155
5.8156
6.2954
6.3318
6.8282
8.7189
9.2028
10.769
10.95
11.273
12.173
12.25
12.773
12.776
12.809
13.212
13.29
16.384
16.63
17.205
20.669
21.628
22.185
23.649
25.183
25.4
25.469
25.954
27.406
27.649
27.869
29.509
30.273
30.382
30.39
30.445
30.482
33.778
34.842
36.991
37.318
39.702
40.652
43.334
44.347
46.068
46.347
48.579
52.458
52.681
54.759
54.855
54.997
55.657
57.136
57.747
60.282
61.857
62.639
63.178
63.579
63.906
64.466
66.116
66.119
67.379
67.386
69.58
69.728
70.402
71.1
71.338
71.531
72.683
73.52
76.287
76.797
76.9
77.257
80.107
82.08
83.359
87.122
90.183
92.522
94.946
95.294
95.641
96.218
96.373
96.697
96.839
98.073
98.228
99.14
100.04
101.84
107.29
107.39
108.09
109.18
109.29
110.35
110.73
110.95
110.97
111.58
115.51
116.06
116.15
116.33
118.41
118.66
118.68
118.92
119.2
119.42
