NaN
0.02345
0.2143
0.14295
0.0019
1.4738
0.0164
0.0471
0.5144
0.0383
0.62755
0.2786
0.5224
0.50695
0.216
0.18315
0.3872
0.12775
0.1493
0.34455
0.2898
0.28085
0.3124
0.07765
0.1997
1.0347
0.0725
1.1803
NaN
0.1823
0.0493
0.0184
0.2308
0.0088
0.0554
1.2314
0.77035
0.0214
0.57695
0.5121
0.0503
0.04365
0.48355
0.8671
0.0334
0.00405
0.79055
0.08455
0.1245
0.4401
0.02305
0.3475
0.36745
0.5207
0.67935
0.14525
0.0762
0.15675
0.1115
0.0313
0.39435
NaN
0.4292
0.24925
0.2394
1.1326
0.02225
0.1129
0.0217
0.1718
0.0021
0.01325
0.32135
0.0054
0.39965
0.52475
0.00775
0.12465
0.3864
0.36405
0.18095
0.51205
0.37365
0.3403
0.08725
0.1828
0.4288
0.0269
0.16615
0.02255
0.0496
0.60505
0.38575
0.3359
0.5349
0.37445
0.28315
0.52615
NaN
0.12245
0.03445
