2.6376e-11
3.0274e-11
1.259e-10
1.4511e-11
3.7242e-11
2.788e-11
1.3196e-10
1.8323e-11
1.4761e-11
2.2521e-11
1.7444e-11
1.0673e-10
4.0083e-11
1.2182e-11
5.476e-11
1.5836e-11
3.1656e-11
2.032e-11
3.439e-11
2.9739e-11
2.2196e-11
1.8652e-11
2.3051e-11
3.6285e-11
2.4944e-11
2.4599e-11
6.5402e-11
2.6879e-11
2.6245e-11
1.9822e-11
8.6309e-11
1.3406e-11
9.3172e-11
1.1937e-11
1.2112e-11
1.1564e-11
2.877e-11
9.8536e-11
1.8724e-11
1.2774e-10
6.1117e-11
1.787e-11
9.7705e-11
3.4571e-11
1.0071e-11
6.3721e-12
1.9611e-11
1.6984e-11
2.1668e-11
1.2892e-11
3.7588e-11
1.3564e-10
1.3961e-11
3.4551e-11
3.5974e-11
1.8439e-11
2.2452e-11
8.657e-11
3.3076e-11
1.5522e-10
8.2266e-11
2.8102e-11
3.7753e-11
1.0407e-11
1.6062e-11
4.4653e-11
1.0112e-11
7.4208e-11
1.0226e-10
2.382e-11
7.3712e-12
7.5086e-11
1.2178e-11
1.124e-11
1.0891e-10
9.838e-12
1.0135e-11
6.6215e-11
1.3661e-11
4.0772e-11
3.1124e-11
6.5379e-11
4.5182e-11
1.3671e-11
3.1683e-11
1.063e-10
4.6649e-11
4.0678e-11
1.4392e-11
1.5572e-11
6.2898e-11
2.4497e-11
1.9668e-11
3.4613e-11
2.4185e-11
3.4552e-11
2.1806e-11
7.2365e-11
2.4533e-11
1.128e-11
4.4326e-11
