   0.0000000e+00	  -7.6317625e-13	
   5.0000000e-05	  -7.8360436e-13	
   1.0000000e-04	  -7.2429432e-13	
   1.5000000e-04	  -8.3070812e-13	
   2.0000000e-04	  -5.6580213e-13	
   2.5000000e-04	  -5.6016032e-13	
   3.0000000e-04	  -6.8131340e-13	
   3.5000000e-04	  -6.7815995e-13	
   4.0000000e-04	  -6.3262720e-13	
   4.5000000e-04	  -6.0894280e-13	
   5.0000000e-04	  -6.3808496e-13	
   5.5000000e-04	  -7.1045090e-13	
   6.0000000e-04	  -5.7069898e-13	
   6.5000000e-04	  -6.4361548e-13	
   7.0000000e-04	  -6.0176498e-13	
   7.5000000e-04	  -5.6567479e-13	
   8.0000000e-04	  -6.8486517e-13	
   8.5000000e-04	  -5.0707458e-13	
   9.0000000e-04	  -5.6564703e-13	
   9.5000000e-04	  -4.6531062e-13	
   1.0000000e-03	  -5.4419013e-13	
   1.0500000e-03	  -5.5663395e-13	
   1.1000000e-03	  -6.3322221e-13	
   1.1500000e-03	  -5.3758148e-13	
   1.2000000e-03	  -4.9820326e-13	
   1.2500000e-03	  -4.9152813e-13	
   1.3000000e-03	  -5.6812042e-13	
   1.3500000e-03	  -5.1444103e-13	
   1.4000000e-03	  -2.9813158e-13	
   1.4500000e-03	  -3.8187379e-13	
   1.5000000e-03	  -5.7736151e-13	
   1.5500000e-03	  -6.0389421e-13	
   1.6000000e-03	  -7.4457953e-13	
   1.6500000e-03	  -7.7255715e-13	
   1.7000000e-03	  -7.4400295e-13	
   1.7500000e-03	  -6.0650031e-13	
   1.8000000e-03	  -4.8211847e-13	
   1.8500000e-03	  -3.4271067e-13	
   1.9000000e-03	  -2.6759615e-13	
   1.9500000e-03	  -2.7108093e-13	
   2.0000000e-03	  -1.6792969e-13	
   2.0500000e-03	  -1.7485167e-13	
   2.1000000e-03	  -2.1021379e-13	
   2.1500000e-03	  -2.0190056e-13	
   2.2000000e-03	  -1.3398831e-13	
   2.2500000e-03	  -2.6837950e-13	
   2.3000000e-03	  -3.4666302e-13	
   2.3500000e-03	  -4.2183769e-13	
   2.4000000e-03	  -2.1109010e-13	
   2.4500000e-03	  -6.6879770e-14	
   2.5000000e-03	  -1.2557468e-13	
   2.5500000e-03	  -1.3722769e-13	
   2.6000000e-03	  -1.9598036e-13	
   2.6500000e-03	  -1.5547513e-13	
   2.7000000e-03	  -9.7545669e-14	
   2.7500000e-03	   3.2621367e-14	
   2.8000000e-03	   7.1860947e-14	
   2.8500000e-03	  -1.5761047e-14	
   2.9000000e-03	   4.5868474e-14	
   2.9500000e-03	   3.6908410e-14	
   3.0000000e-03	  -1.2105052e-13	
   3.0500000e-03	  -5.3875958e-14	
   3.1000000e-03	  -1.1658187e-13	
   3.1500000e-03	  -6.0539627e-14	
   3.2000000e-03	  -1.0850191e-13	
   3.2500000e-03	   4.0396722e-14	
   3.3000000e-03	   2.1442483e-14	
   3.3500000e-03	  -5.4164355e-14	
   3.4000000e-03	  -5.7691482e-14	
   3.4500000e-03	   7.0799269e-14	
   3.5000000e-03	   4.4929772e-14	
   3.5500000e-03	   1.1797572e-13	
   3.6000000e-03	  -6.2404942e-14	
   3.6500000e-03	  -1.8995222e-14	
   3.7000000e-03	  -1.5389339e-13	
   3.7500000e-03	  -2.0386199e-13	
   3.8000000e-03	  -3.8290432e-13	
   3.8500000e-03	  -3.1814075e-13	
   3.9000000e-03	  -3.1606889e-13	
   3.9500000e-03	  -3.1927840e-13	
   4.0000000e-03	  -3.1554425e-13	
   4.0500000e-03	  -3.0079189e-13	
   4.1000000e-03	  -2.8462736e-13	
   4.1500000e-03	  -1.7204163e-13	
   4.2000000e-03	  -1.3934557e-13	
   4.2500000e-03	   2.7352686e-14	
   4.3000000e-03	   2.6149655e-14	
   4.3500000e-03	  -2.0703925e-15	
   4.4000000e-03	   9.5143728e-14	
   4.4500000e-03	   1.3914998e-13	
   4.5000000e-03	   1.2063874e-13	
   4.5500000e-03	   1.7885042e-13	
   4.6000000e-03	   2.9737389e-14	
   4.6500000e-03	  -5.7480035e-14	
   4.7000000e-03	  -6.7700565e-14	
   4.7500000e-03	  -2.2826820e-13	
   4.8000000e-03	  -2.9742094e-13	
   4.8500000e-03	  -3.0018175e-13	
   4.9000000e-03	  -1.8030933e-13	
   4.9500000e-03	  -1.4451962e-13	
   5.0000000e-03	  -2.2748730e-15	
   5.0500000e-03	  -4.0402143e-14	
   5.1000000e-03	   8.4213452e-14	
   5.1500000e-03	   5.4285352e-14	
   5.2000000e-03	   1.2146957e-13	
   5.2500000e-03	   1.1432088e-13	
   5.3000000e-03	   1.4648759e-13	
   5.3500000e-03	   1.2908517e-13	
   5.4000000e-03	   4.6759200e-14	
   5.4500000e-03	   7.8736388e-15	
   5.5000000e-03	  -1.1144384e-13	
   5.5500000e-03	  -3.2163795e-13	
   5.6000000e-03	  -4.3008414e-13	
   5.6500000e-03	  -4.4103691e-13	
   5.7000000e-03	  -2.6374545e-13	
   5.7500000e-03	  -1.4181148e-14	
   5.8000000e-03	  -2.0301360e-14	
   5.8500000e-03	  -1.1750095e-14	
   5.9000000e-03	   4.7644356e-14	
   5.9500000e-03	   5.9967832e-14	
   6.0000000e-03	   1.1395575e-14	
   6.0500000e-03	  -5.1884658e-14	
   6.1000000e-03	   2.2528420e-14	
   6.1500000e-03	   1.1701100e-13	
   6.2000000e-03	   2.1977862e-14	
   6.2500000e-03	  -1.3641215e-14	
   6.3000000e-03	   9.7579280e-15	
   6.3500000e-03	  -3.0424881e-14	
   6.4000000e-03	   3.2343811e-14	
   6.4500000e-03	   1.0593100e-13	
   6.5000000e-03	   3.4682435e-14	
   6.5500000e-03	  -4.9001601e-15	
   6.6000000e-03	  -8.6445608e-15	
   6.6500000e-03	  -4.1562023e-14	
   6.7000000e-03	  -7.8234402e-14	
   6.7500000e-03	  -1.9401429e-13	
   6.8000000e-03	  -2.4415062e-13	
   6.8500000e-03	  -3.4062965e-13	
   6.9000000e-03	  -2.4139306e-13	
   6.9500000e-03	  -2.9976304e-13	
   7.0000000e-03	  -2.5302055e-13	
   7.0500000e-03	  -1.2166808e-13	
   7.1000000e-03	  -4.3511418e-14	
   7.1500000e-03	  -8.9064823e-14	
   7.2000000e-03	  -2.1328249e-14	
   7.2500000e-03	   6.7018223e-14	
   7.3000000e-03	  -1.0096177e-13	
   7.3500000e-03	  -1.7347316e-13	
   7.4000000e-03	  -2.8266582e-13	
   7.4500000e-03	  -3.7525235e-13	
   7.5000000e-03	  -3.3462968e-13	
   7.5500000e-03	  -3.8773759e-13	
   7.6000000e-03	  -3.5333693e-13	
   7.6500000e-03	  -2.9165971e-13	
   7.7000000e-03	  -2.3685828e-13	
   7.7500000e-03	  -1.7189657e-13	
   7.8000000e-03	  -1.4869800e-13	
   7.8500000e-03	  -1.2590775e-13	
   7.9000000e-03	  -1.1062809e-13	
   7.9500000e-03	  -1.6826579e-13	
   8.0000000e-03	  -1.4446322e-13	
   8.0500000e-03	  -2.3871793e-13	
   8.1000000e-03	  -2.9705665e-13	
   8.1500000e-03	  -3.6788563e-13	
   8.2000000e-03	  -2.4630189e-13	
   8.2500000e-03	  -3.7977683e-13	
   8.3000000e-03	  -3.1693821e-13	
   8.3500000e-03	  -3.3474363e-13	
   8.4000000e-03	  -3.7941384e-13	
   8.4500000e-03	  -3.7626543e-13	
   8.5000000e-03	  -4.5577967e-13	
   8.5500000e-03	  -5.5065241e-13	
   8.6000000e-03	  -5.9128239e-13	
   8.6500000e-03	  -4.8486779e-13	
   8.7000000e-03	  -3.5900642e-13	
   8.7500000e-03	  -4.6588270e-13	
   8.8000000e-03	  -4.0820754e-13	
   8.8500000e-03	  -4.2560833e-13	
   8.9000000e-03	  -5.5163751e-13	
   8.9500000e-03	  -5.7356290e-13	
   9.0000000e-03	  -5.3196748e-13	
   9.0500000e-03	  -5.3441257e-13	
   9.1000000e-03	  -5.8766121e-13	
   9.1500000e-03	  -6.3969218e-13	
   9.2000000e-03	  -5.9237793e-13	
   9.2500000e-03	  -5.8855698e-13	
   9.3000000e-03	  -5.5539492e-13	
   9.3500000e-03	  -6.3786563e-13	
   9.4000000e-03	  -6.3421794e-13	
   9.4500000e-03	  -4.3074160e-13	
   9.5000000e-03	  -4.6473654e-13	
   9.5500000e-03	  -3.1082537e-13	
   9.6000000e-03	  -1.4131838e-13	
   9.6500000e-03	  -5.4296248e-14	
   9.7000000e-03	  -2.3279555e-13	
   9.7500000e-03	  -4.2339971e-13	
   9.8000000e-03	  -3.9931014e-13	
   9.8500000e-03	  -6.5998102e-13	
   9.9000000e-03	  -6.9135431e-13	
   9.9500000e-03	  -9.1728621e-13	
   1.0000000e-02	  -1.2991982e-12	
   1.0050000e-02	  -1.4991840e-12	
   1.0100000e-02	  -1.9157477e-12	
   1.0150000e-02	  -2.2784580e-12	
   1.0200000e-02	  -2.5597198e-12	
   1.0250000e-02	  -2.8959183e-12	
   1.0300000e-02	  -3.4307175e-12	
   1.0350000e-02	  -3.9239896e-12	
   1.0400000e-02	  -4.4329991e-12	
   1.0450000e-02	  -4.8636745e-12	
   1.0500000e-02	  -5.2521741e-12	
   1.0550000e-02	  -5.5824241e-12	
   1.0600000e-02	  -5.9435417e-12	
   1.0650000e-02	  -6.1348825e-12	
   1.0700000e-02	  -6.3792346e-12	
   1.0750000e-02	  -6.9216111e-12	
   1.0800000e-02	  -7.1603739e-12	
   1.0850000e-02	  -7.4989502e-12	
   1.0900000e-02	  -7.5064304e-12	
   1.0950000e-02	  -7.7797538e-12	
   1.1000000e-02	  -8.1016210e-12	
   1.1050000e-02	  -8.1925360e-12	
   1.1100000e-02	  -8.1236170e-12	
   1.1150000e-02	  -8.2694361e-12	
   1.1200000e-02	  -8.0941288e-12	
   1.1250000e-02	  -7.8626473e-12	
   1.1300000e-02	  -7.7775327e-12	
   1.1350000e-02	  -7.9259497e-12	
   1.1400000e-02	  -7.8912274e-12	
   1.1450000e-02	  -8.0362804e-12	
   1.1500000e-02	  -8.2646498e-12	
   1.1550000e-02	  -8.1444138e-12	
   1.1600000e-02	  -8.4228936e-12	
   1.1650000e-02	  -8.8497743e-12	
   1.1700000e-02	  -8.9274462e-12	
   1.1750000e-02	  -8.7678353e-12	
   1.1800000e-02	  -8.6226673e-12	
   1.1850000e-02	  -8.6071571e-12	
   1.1900000e-02	  -8.4688233e-12	
   1.1950000e-02	  -8.5549942e-12	
   1.2000000e-02	  -8.7622391e-12	
   1.2050000e-02	  -8.8476869e-12	
   1.2100000e-02	  -9.0704532e-12	
   1.2150000e-02	  -8.9169756e-12	
   1.2200000e-02	  -8.7548275e-12	
   1.2250000e-02	  -8.7944465e-12	
   1.2300000e-02	  -8.8241332e-12	
   1.2350000e-02	  -9.1569395e-12	
   1.2400000e-02	  -8.9558226e-12	
   1.2450000e-02	  -8.8132700e-12	
   1.2500000e-02	  -8.8069972e-12	
   1.2550000e-02	  -8.5394595e-12	
   1.2600000e-02	  -8.6582601e-12	
   1.2650000e-02	  -8.8539686e-12	
   1.2700000e-02	  -8.9995426e-12	
   1.2750000e-02	  -9.1400624e-12	
   1.2800000e-02	  -9.2244671e-12	
   1.2850000e-02	  -9.2053158e-12	
   1.2900000e-02	  -9.0104274e-12	
   1.2950000e-02	  -8.8357338e-12	
   1.3000000e-02	  -8.7358970e-12	
   1.3050000e-02	  -8.6962620e-12	
   1.3100000e-02	  -8.6072750e-12	
   1.3150000e-02	  -8.5084116e-12	
   1.3200000e-02	  -8.4945643e-12	
   1.3250000e-02	  -8.5448288e-12	
   1.3300000e-02	  -8.4440725e-12	
   1.3350000e-02	  -8.1854218e-12	
   1.3400000e-02	  -8.3592384e-12	
   1.3450000e-02	  -8.4380751e-12	
   1.3500000e-02	  -8.3263379e-12	
   1.3550000e-02	  -8.0186385e-12	
   1.3600000e-02	  -8.0376788e-12	
   1.3650000e-02	  -7.9390020e-12	
   1.3700000e-02	  -7.9913105e-12	
   1.3750000e-02	  -7.8323958e-12	
   1.3800000e-02	  -8.0188022e-12	
   1.3850000e-02	  -8.1149590e-12	
   1.3900000e-02	  -7.9612447e-12	
   1.3950000e-02	  -7.7629418e-12	
   1.4000000e-02	  -7.9702855e-12	
   1.4050000e-02	  -8.0465938e-12	
   1.4100000e-02	  -8.0799315e-12	
   1.4150000e-02	  -7.9900279e-12	
   1.4200000e-02	  -8.0889243e-12	
   1.4250000e-02	  -8.1055216e-12	
   1.4300000e-02	  -8.1295029e-12	
   1.4350000e-02	  -7.9768434e-12	
   1.4400000e-02	  -7.6788317e-12	
   1.4450000e-02	  -7.4982108e-12	
   1.4500000e-02	  -7.6174488e-12	
   1.4550000e-02	  -7.7364725e-12	
   1.4600000e-02	  -7.7158056e-12	
   1.4650000e-02	  -7.6004534e-12	
   1.4700000e-02	  -7.4461324e-12	
   1.4750000e-02	  -7.2901867e-12	
   1.4800000e-02	  -7.3995437e-12	
   1.4850000e-02	  -7.3340750e-12	
   1.4900000e-02	  -7.1783261e-12	
   1.4950000e-02	  -6.9240629e-12	
   1.5000000e-02	  -7.0721734e-12	
   1.5050000e-02	  -7.3812317e-12	
   1.5100000e-02	  -7.4059543e-12	
   1.5150000e-02	  -7.2092228e-12	
   1.5200000e-02	  -7.2592431e-12	
   1.5250000e-02	  -7.2184702e-12	
   1.5300000e-02	  -7.2558819e-12	
   1.5350000e-02	  -7.2727228e-12	
   1.5400000e-02	  -7.0760568e-12	
   1.5450000e-02	  -7.1828430e-12	
   1.5500000e-02	  -6.8361371e-12	
   1.5550000e-02	  -6.8472127e-12	
   1.5600000e-02	  -7.0421685e-12	
   1.5650000e-02	  -6.9580956e-12	
   1.5700000e-02	  -7.1431650e-12	
   1.5750000e-02	  -7.2379451e-12	
   1.5800000e-02	  -7.0241675e-12	
   1.5850000e-02	  -6.9753732e-12	
   1.5900000e-02	  -6.8219623e-12	
   1.5950000e-02	  -6.9415133e-12	
   1.6000000e-02	  -6.8715138e-12	
   1.6050000e-02	  -6.8197353e-12	
   1.6100000e-02	  -6.9475497e-12	
   1.6150000e-02	  -6.9735567e-12	
   1.6200000e-02	  -6.8789935e-12	
   1.6250000e-02	  -6.5738391e-12	
   1.6300000e-02	  -6.3241693e-12	
   1.6350000e-02	  -5.9227749e-12	
   1.6400000e-02	  -5.8641835e-12	
   1.6450000e-02	  -5.9271325e-12	
   1.6500000e-02	  -5.9551446e-12	
   1.6550000e-02	  -5.7934339e-12	
   1.6600000e-02	  -5.6087164e-12	
   1.6650000e-02	  -5.7474110e-12	
   1.6700000e-02	  -5.7269274e-12	
   1.6750000e-02	  -5.6700870e-12	
   1.6800000e-02	  -5.9764719e-12	
   1.6850000e-02	  -6.0527377e-12	
   1.6900000e-02	  -5.8981108e-12	
   1.6950000e-02	  -5.8934389e-12	
   1.7000000e-02	  -5.8242137e-12	
   1.7050000e-02	  -5.6673403e-12	
   1.7100000e-02	  -5.6040905e-12	
   1.7150000e-02	  -5.7111009e-12	
   1.7200000e-02	  -5.5758024e-12	
   1.7250000e-02	  -5.5940912e-12	
   1.7300000e-02	  -5.9670883e-12	
   1.7350000e-02	  -5.9521515e-12	
   1.7400000e-02	  -5.7077791e-12	
   1.7450000e-02	  -5.8539944e-12	
   1.7500000e-02	  -5.8336352e-12	
   1.7550000e-02	  -5.8086275e-12	
   1.7600000e-02	  -5.7575112e-12	
   1.7650000e-02	  -5.6534665e-12	
   1.7700000e-02	  -5.6300203e-12	
   1.7750000e-02	  -5.5993227e-12	
   1.7800000e-02	  -5.6196462e-12	
   1.7850000e-02	  -5.5408759e-12	
   1.7900000e-02	  -5.4115851e-12	
   1.7950000e-02	  -5.2939015e-12	
   1.8000000e-02	  -5.3938204e-12	
   1.8050000e-02	  -5.5616991e-12	
   1.8100000e-02	  -5.6099966e-12	
   1.8150000e-02	  -5.7009766e-12	
   1.8200000e-02	  -5.6815199e-12	
   1.8250000e-02	  -5.4701085e-12	
   1.8300000e-02	  -5.4017050e-12	
   1.8350000e-02	  -5.3654117e-12	
   1.8400000e-02	  -5.2152540e-12	
   1.8450000e-02	  -5.2351622e-12	
   1.8500000e-02	  -5.2843342e-12	
   1.8550000e-02	  -5.2815864e-12	
   1.8600000e-02	  -5.2322092e-12	
   1.8650000e-02	  -5.4305965e-12	
   1.8700000e-02	  -5.3409430e-12	
   1.8750000e-02	  -5.2972834e-12	
   1.8800000e-02	  -5.3138258e-12	
   1.8850000e-02	  -5.3609270e-12	
   1.8900000e-02	  -5.4108593e-12	
   1.8950000e-02	  -5.2807596e-12	
   1.9000000e-02	  -4.9117555e-12	
   1.9050000e-02	  -4.7989013e-12	
   1.9100000e-02	  -4.8994545e-12	
   1.9150000e-02	  -4.9444116e-12	
   1.9200000e-02	  -5.0971783e-12	
   1.9250000e-02	  -5.0935979e-12	
   1.9300000e-02	  -4.9349179e-12	
   1.9350000e-02	  -4.9537292e-12	
   1.9400000e-02	  -4.8688859e-12	
   1.9450000e-02	  -4.8996683e-12	
   1.9500000e-02	  -4.9029435e-12	
   1.9550000e-02	  -4.8593950e-12	
   1.9600000e-02	  -4.7671804e-12	
   1.9650000e-02	  -4.5955905e-12	
   1.9700000e-02	  -4.4836294e-12	
   1.9750000e-02	  -4.5970506e-12	
   1.9800000e-02	  -4.5212683e-12	
   1.9850000e-02	  -4.3738790e-12	
   1.9900000e-02	  -4.5176806e-12	
   1.9950000e-02	  -4.5565734e-12	
   2.0000000e-02	  -4.3588922e-12	
   2.0050000e-02	  -4.2155407e-12	
   2.0100000e-02	  -4.2313070e-12	
   2.0150000e-02	  -4.3432814e-12	
   2.0200000e-02	  -4.3589761e-12	
   2.0250000e-02	  -4.5044430e-12	
   2.0300000e-02	  -4.3663051e-12	
   2.0350000e-02	  -4.1870041e-12	
   2.0400000e-02	  -3.9717054e-12	
   2.0450000e-02	  -4.0988430e-12	
   2.0500000e-02	  -4.0512767e-12	
   2.0550000e-02	  -3.9658938e-12	
   2.0600000e-02	  -3.8257989e-12	
   2.0650000e-02	  -3.6841367e-12	
   2.0700000e-02	  -3.5389357e-12	
   2.0750000e-02	  -3.4571242e-12	
   2.0800000e-02	  -3.6677176e-12	
   2.0850000e-02	  -3.5204479e-12	
   2.0900000e-02	  -3.4717058e-12	
   2.0950000e-02	  -3.3550604e-12	
   2.1000000e-02	  -3.3515903e-12	
   2.1050000e-02	  -3.3312888e-12	
   2.1100000e-02	  -3.2746772e-12	
   2.1150000e-02	  -3.3414910e-12	
   2.1200000e-02	  -3.5516285e-12	
   2.1250000e-02	  -3.5000198e-12	
   2.1300000e-02	  -3.5277753e-12	
   2.1350000e-02	  -3.4193308e-12	
   2.1400000e-02	  -3.3362031e-12	
   2.1450000e-02	  -3.3079709e-12	
   2.1500000e-02	  -3.3812814e-12	
   2.1550000e-02	  -3.3781142e-12	
   2.1600000e-02	  -3.4437608e-12	
   2.1650000e-02	  -3.3825898e-12	
   2.1700000e-02	  -3.3684211e-12	
   2.1750000e-02	  -3.1332651e-12	
   2.1800000e-02	  -3.1875735e-12	
   2.1850000e-02	  -3.0478335e-12	
   2.1900000e-02	  -3.0765876e-12	
   2.1950000e-02	  -3.1176624e-12	
   2.2000000e-02	  -3.2771433e-12	
   2.2050000e-02	  -3.2074458e-12	
   2.2100000e-02	  -3.2707891e-12	
   2.2150000e-02	  -3.2377608e-12	
   2.2200000e-02	  -3.2518032e-12	
   2.2250000e-02	  -3.2358160e-12	
   2.2300000e-02	  -3.1244096e-12	
   2.2350000e-02	  -3.1875779e-12	
   2.2400000e-02	  -3.1797384e-12	
   2.2450000e-02	  -3.1886251e-12	
   2.2500000e-02	  -3.2691456e-12	
   2.2550000e-02	  -3.2303474e-12	
   2.2600000e-02	  -3.2733731e-12	
   2.2650000e-02	  -3.1746245e-12	
   2.2700000e-02	  -3.0929836e-12	
   2.2750000e-02	  -3.0571811e-12	
   2.2800000e-02	  -3.0477057e-12	
   2.2850000e-02	  -3.1780056e-12	
   2.2900000e-02	  -3.2305391e-12	
   2.2950000e-02	  -3.1679193e-12	
   2.3000000e-02	  -3.2464825e-12	
   2.3050000e-02	  -3.2118884e-12	
   2.3100000e-02	  -3.2809124e-12	
   2.3150000e-02	  -3.0335480e-12	
   2.3200000e-02	  -2.9943016e-12	
   2.3250000e-02	  -3.1503948e-12	
   2.3300000e-02	  -3.1344823e-12	
   2.3350000e-02	  -3.0711794e-12	
   2.3400000e-02	  -3.0238119e-12	
   2.3450000e-02	  -2.8762077e-12	
   2.3500000e-02	  -2.8040122e-12	
   2.3550000e-02	  -2.8406139e-12	
   2.3600000e-02	  -2.8479041e-12	
   2.3650000e-02	  -2.7875905e-12	
   2.3700000e-02	  -2.7298501e-12	
   2.3750000e-02	  -2.7918154e-12	
   2.3800000e-02	  -2.6552807e-12	
   2.3850000e-02	  -2.6574135e-12	
   2.3900000e-02	  -2.7273502e-12	
   2.3950000e-02	  -2.6566368e-12	
   2.4000000e-02	  -2.6182453e-12	
   2.4050000e-02	  -2.4325667e-12	
   2.4100000e-02	  -2.3738012e-12	
   2.4150000e-02	  -2.4516400e-12	
   2.4200000e-02	  -2.3563992e-12	
   2.4250000e-02	  -2.2619554e-12	
   2.4300000e-02	  -2.3853389e-12	
   2.4350000e-02	  -2.2302756e-12	
   2.4400000e-02	  -2.3139327e-12	
   2.4450000e-02	  -2.2916753e-12	
   2.4500000e-02	  -2.2262947e-12	
   2.4550000e-02	  -2.0684017e-12	
   2.4600000e-02	  -2.1208139e-12	
   2.4650000e-02	  -2.1640474e-12	
   2.4700000e-02	  -2.3657750e-12	
   2.4750000e-02	  -2.3122741e-12	
   2.4800000e-02	  -2.5385674e-12	
   2.4850000e-02	  -2.5766674e-12	
   2.4900000e-02	  -2.5897548e-12	
   2.4950000e-02	  -2.7117206e-12	
   2.5000000e-02	  -2.6891634e-12	
   2.5050000e-02	  -2.7031795e-12	
   2.5100000e-02	  -2.5752186e-12	
   2.5150000e-02	  -2.4091710e-12	
   2.5200000e-02	  -2.1942421e-12	
   2.5250000e-02	  -2.3433203e-12	
   2.5300000e-02	  -2.0850269e-12	
   2.5350000e-02	  -1.9614713e-12	
   2.5400000e-02	  -1.9003054e-12	
   2.5450000e-02	  -2.0418392e-12	
   2.5500000e-02	  -2.2221754e-12	
   2.5550000e-02	  -2.2165572e-12	
   2.5600000e-02	  -2.1480773e-12	
   2.5650000e-02	  -2.1828709e-12	
   2.5700000e-02	  -2.2377055e-12	
   2.5750000e-02	  -2.1934368e-12	
   2.5800000e-02	  -2.2193762e-12	
   2.5850000e-02	  -2.1580977e-12	
   2.5900000e-02	  -2.1427075e-12	
   2.5950000e-02	  -2.2058531e-12	
   2.6000000e-02	  -2.2406168e-12	
   2.6050000e-02	  -2.2711620e-12	
   2.6100000e-02	  -2.0916389e-12	
   2.6150000e-02	  -2.1005745e-12	
   2.6200000e-02	  -2.0362659e-12	
   2.6250000e-02	  -2.0850849e-12	
   2.6300000e-02	  -2.0732409e-12	
   2.6350000e-02	  -2.1049801e-12	
   2.6400000e-02	  -1.9975887e-12	
   2.6450000e-02	  -2.1192943e-12	
   2.6500000e-02	  -2.0361113e-12	
   2.6550000e-02	  -1.9884016e-12	
   2.6600000e-02	  -1.9456303e-12	
   2.6650000e-02	  -1.8447161e-12	
   2.6700000e-02	  -1.8329290e-12	
   2.6750000e-02	  -1.9057360e-12	
   2.6800000e-02	  -1.8861305e-12	
   2.6850000e-02	  -1.8349066e-12	
   2.6900000e-02	  -1.9667230e-12	
   2.6950000e-02	  -1.8913397e-12	
   2.7000000e-02	  -2.0187402e-12	
   2.7050000e-02	  -2.0623451e-12	
   2.7100000e-02	  -2.2513857e-12	
   2.7150000e-02	  -2.1794654e-12	
   2.7200000e-02	  -2.1111454e-12	
   2.7250000e-02	  -1.9943168e-12	
   2.7300000e-02	  -1.8549546e-12	
   2.7350000e-02	  -1.8636308e-12	
   2.7400000e-02	  -1.7785062e-12	
   2.7450000e-02	  -1.8020615e-12	
   2.7500000e-02	  -1.8763201e-12	
   2.7550000e-02	  -1.8297977e-12	
   2.7600000e-02	  -1.8645900e-12	
   2.7650000e-02	  -1.8820838e-12	
   2.7700000e-02	  -1.8411992e-12	
   2.7750000e-02	  -1.9209721e-12	
   2.7800000e-02	  -1.9753061e-12	
   2.7850000e-02	  -2.0416902e-12	
   2.7900000e-02	  -1.8949391e-12	
   2.7950000e-02	  -1.9872962e-12	
   2.8000000e-02	  -2.0370863e-12	
   2.8050000e-02	  -1.9255681e-12	
   2.8100000e-02	  -1.8784982e-12	
   2.8150000e-02	  -2.0491152e-12	
   2.8200000e-02	  -1.9813926e-12	
   2.8250000e-02	  -2.0147548e-12	
   2.8300000e-02	  -1.9605346e-12	
   2.8350000e-02	  -1.7524929e-12	
   2.8400000e-02	  -1.7793948e-12	
   2.8450000e-02	  -1.5553015e-12	
   2.8500000e-02	  -1.4703139e-12	
   2.8550000e-02	  -1.5820166e-12	
   2.8600000e-02	  -1.4798635e-12	
   2.8650000e-02	  -1.4772532e-12	
   2.8700000e-02	  -1.6561260e-12	
   2.8750000e-02	  -1.8171205e-12	
   2.8800000e-02	  -1.7965405e-12	
   2.8850000e-02	  -1.8915301e-12	
   2.8900000e-02	  -1.7152252e-12	
   2.8950000e-02	  -1.8121186e-12	
   2.9000000e-02	  -1.8323164e-12	
   2.9050000e-02	  -1.7730931e-12	
   2.9100000e-02	  -1.8267446e-12	
   2.9150000e-02	  -1.7701213e-12	
   2.9200000e-02	  -1.7793744e-12	
   2.9250000e-02	  -1.6972241e-12	
   2.9300000e-02	  -1.8744689e-12	
   2.9350000e-02	  -1.9008321e-12	
   2.9400000e-02	  -1.8943267e-12	
   2.9450000e-02	  -2.0175192e-12	
   2.9500000e-02	  -2.0500938e-12	
   2.9550000e-02	  -1.9663184e-12	
   2.9600000e-02	  -1.9112096e-12	
   2.9650000e-02	  -1.9809874e-12	
   2.9700000e-02	  -1.9594972e-12	
   2.9750000e-02	  -2.0696059e-12	
   2.9800000e-02	  -2.0441238e-12	
   2.9850000e-02	  -2.0438513e-12	
   2.9900000e-02	  -1.9614816e-12	
   2.9950000e-02	  -2.0639987e-12	
   3.0000000e-02	  -2.0550076e-12	
   3.0050000e-02	  -2.1006465e-12	
   3.0100000e-02	  -2.2777641e-12	
   3.0150000e-02	  -2.2510855e-12	
   3.0200000e-02	  -2.2305987e-12	
   3.0250000e-02	  -2.1861144e-12	
   3.0300000e-02	  -2.0843889e-12	
   3.0350000e-02	  -2.1893050e-12	
   3.0400000e-02	  -2.1923947e-12	
   3.0450000e-02	  -2.1141517e-12	
   3.0500000e-02	  -2.1954793e-12	
   3.0550000e-02	  -2.1443580e-12	
   3.0600000e-02	  -2.1903764e-12	
   3.0650000e-02	  -2.1665289e-12	
   3.0700000e-02	  -2.1847420e-12	
   3.0750000e-02	  -2.2020844e-12	
   3.0800000e-02	  -2.1692321e-12	
   3.0850000e-02	  -2.0622813e-12	
   3.0900000e-02	  -2.0503896e-12	
   3.0950000e-02	  -2.1758051e-12	
   3.1000000e-02	  -2.1023634e-12	
   3.1050000e-02	  -2.2114450e-12	
   3.1100000e-02	  -2.2304875e-12	
   3.1150000e-02	  -2.2646802e-12	
   3.1200000e-02	  -2.3471597e-12	
   3.1250000e-02	  -2.1570063e-12	
   3.1300000e-02	  -2.2337221e-12	
   3.1350000e-02	  -2.3400955e-12	
   3.1400000e-02	  -2.1101671e-12	
   3.1450000e-02	  -2.3529720e-12	
   3.1500000e-02	  -2.4773282e-12	
   3.1550000e-02	  -2.5438244e-12	
   3.1600000e-02	  -2.4575938e-12	
   3.1650000e-02	  -2.4582090e-12	
   3.1700000e-02	  -2.4339479e-12	
   3.1750000e-02	  -2.3854343e-12	
   3.1800000e-02	  -2.4413019e-12	
   3.1850000e-02	  -2.5153911e-12	
   3.1900000e-02	  -2.6579468e-12	
   3.1950000e-02	  -2.6244685e-12	
   3.2000000e-02	  -2.6431758e-12	
   3.2050000e-02	  -2.7005924e-12	
   3.2100000e-02	  -2.6889263e-12	
   3.2150000e-02	  -2.6499412e-12	
   3.2200000e-02	  -2.6360797e-12	
   3.2250000e-02	  -2.5659895e-12	
   3.2300000e-02	  -2.5758348e-12	
   3.2350000e-02	  -2.6125814e-12	
   3.2400000e-02	  -2.7943802e-12	
   3.2450000e-02	  -2.7148180e-12	
   3.2500000e-02	  -2.5752224e-12	
   3.2550000e-02	  -2.6573353e-12	
   3.2600000e-02	  -2.4929113e-12	
   3.2650000e-02	  -2.5609351e-12	
   3.2700000e-02	  -2.4674351e-12	
   3.2750000e-02	  -2.5896937e-12	
   3.2800000e-02	  -2.5214366e-12	
   3.2850000e-02	  -2.5905434e-12	
   3.2900000e-02	  -2.5082878e-12	
   3.2950000e-02	  -2.5516835e-12	
   3.3000000e-02	  -2.4665478e-12	
   3.3050000e-02	  -2.4570007e-12	
   3.3100000e-02	  -2.6337686e-12	
   3.3150000e-02	  -2.5116268e-12	
   3.3200000e-02	  -2.5625053e-12	
   3.3250000e-02	  -2.5711492e-12	
   3.3300000e-02	  -2.6177224e-12	
   3.3350000e-02	  -2.5703758e-12	
   3.3400000e-02	  -2.5942831e-12	
   3.3450000e-02	  -2.5199933e-12	
   3.3500000e-02	  -2.4619135e-12	
   3.3550000e-02	  -2.2541352e-12	
   3.3600000e-02	  -2.0929031e-12	
   3.3650000e-02	  -2.2376870e-12	
   3.3700000e-02	  -2.2076669e-12	
   3.3750000e-02	  -2.4338706e-12	
   3.3800000e-02	  -2.4885745e-12	
   3.3850000e-02	  -2.5416389e-12	
   3.3900000e-02	  -2.5040764e-12	
   3.3950000e-02	  -2.6779319e-12	
   3.4000000e-02	  -2.7536250e-12	
   3.4050000e-02	  -2.7718226e-12	
   3.4100000e-02	  -2.7885970e-12	
   3.4150000e-02	  -2.7873758e-12	
   3.4200000e-02	  -2.7897194e-12	
   3.4250000e-02	  -2.7996438e-12	
   3.4300000e-02	  -2.7225386e-12	
   3.4350000e-02	  -2.5599009e-12	
   3.4400000e-02	  -2.6426600e-12	
   3.4450000e-02	  -2.6106257e-12	
   3.4500000e-02	  -2.5499994e-12	
   3.4550000e-02	  -2.3298503e-12	
   3.4600000e-02	  -2.3242295e-12	
   3.4650000e-02	  -2.3802300e-12	
   3.4700000e-02	  -2.4994321e-12	
   3.4750000e-02	  -2.5679717e-12	
   3.4800000e-02	  -2.6616160e-12	
   3.4850000e-02	  -2.6564535e-12	
   3.4900000e-02	  -2.6169994e-12	
   3.4950000e-02	  -2.5378771e-12	
   3.5000000e-02	  -2.7495098e-12	
   3.5050000e-02	  -2.8128452e-12	
   3.5100000e-02	  -2.8692032e-12	
   3.5150000e-02	  -2.8139301e-12	
   3.5200000e-02	  -2.7941302e-12	
   3.5250000e-02	  -2.6979955e-12	
   3.5300000e-02	  -2.7603345e-12	
   3.5350000e-02	  -2.8182326e-12	
   3.5400000e-02	  -2.8331096e-12	
   3.5450000e-02	  -2.8469780e-12	
   3.5500000e-02	  -2.8558564e-12	
   3.5550000e-02	  -2.6098032e-12	
   3.5600000e-02	  -2.5860950e-12	
   3.5650000e-02	  -2.5028408e-12	
   3.5700000e-02	  -2.5093387e-12	
   3.5750000e-02	  -2.5367181e-12	
   3.5800000e-02	  -2.6840810e-12	
   3.5850000e-02	  -2.7215849e-12	
   3.5900000e-02	  -2.6509101e-12	
   3.5950000e-02	  -2.6078975e-12	
   3.6000000e-02	  -2.4944549e-12	
   3.6050000e-02	  -2.3474330e-12	
   3.6100000e-02	  -2.2733768e-12	
   3.6150000e-02	  -2.2451050e-12	
   3.6200000e-02	  -2.3362974e-12	
   3.6250000e-02	  -2.3313064e-12	
   3.6300000e-02	  -2.4269206e-12	
   3.6350000e-02	  -2.5130423e-12	
   3.6400000e-02	  -2.4716548e-12	
   3.6450000e-02	  -2.4862527e-12	
   3.6500000e-02	  -2.4560018e-12	
   3.6550000e-02	  -2.3512158e-12	
   3.6600000e-02	  -2.3003374e-12	
   3.6650000e-02	  -2.2972284e-12	
   3.6700000e-02	  -2.1081873e-12	
   3.6750000e-02	  -2.1451855e-12	
   3.6800000e-02	  -2.0082725e-12	
   3.6850000e-02	  -1.9254542e-12	
   3.6900000e-02	  -2.0384569e-12	
   3.6950000e-02	  -2.1070545e-12	
   3.7000000e-02	  -2.1633990e-12	
   3.7050000e-02	  -2.1998610e-12	
   3.7100000e-02	  -2.1625019e-12	
   3.7150000e-02	  -2.0911146e-12	
   3.7200000e-02	  -1.8563981e-12	
   3.7250000e-02	  -1.8357141e-12	
   3.7300000e-02	  -1.7765947e-12	
   3.7350000e-02	  -1.8538966e-12	
   3.7400000e-02	  -1.7387665e-12	
   3.7450000e-02	  -1.7025112e-12	
   3.7500000e-02	  -1.8286869e-12	
   3.7550000e-02	  -1.8080354e-12	
   3.7600000e-02	  -1.9408181e-12	
   3.7650000e-02	  -1.8563111e-12	
   3.7700000e-02	  -1.8237328e-12	
   3.7750000e-02	  -1.9810637e-12	
   3.7800000e-02	  -2.0490045e-12	
   3.7850000e-02	  -1.9983783e-12	
   3.7900000e-02	  -1.9785763e-12	
   3.7950000e-02	  -1.8284741e-12	
   3.8000000e-02	  -1.6584481e-12	
   3.8050000e-02	  -1.6343563e-12	
   3.8100000e-02	  -1.6292299e-12	
   3.8150000e-02	  -1.5923297e-12	
   3.8200000e-02	  -1.5176961e-12	
   3.8250000e-02	  -1.4246799e-12	
   3.8300000e-02	  -1.7056970e-12	
   3.8350000e-02	  -1.6838243e-12	
   3.8400000e-02	  -1.7254952e-12	
   3.8450000e-02	  -1.6630403e-12	
   3.8500000e-02	  -1.7324375e-12	
   3.8550000e-02	  -1.6466728e-12	
   3.8600000e-02	  -1.6561483e-12	
   3.8650000e-02	  -1.6068113e-12	
   3.8700000e-02	  -1.6866239e-12	
   3.8750000e-02	  -1.5744359e-12	
   3.8800000e-02	  -1.4400302e-12	
   3.8850000e-02	  -1.3464106e-12	
   3.8900000e-02	  -1.3237343e-12	
   3.8950000e-02	  -1.3751654e-12	
   3.9000000e-02	  -1.4926023e-12	
   3.9050000e-02	  -1.5405513e-12	
   3.9100000e-02	  -1.5165516e-12	
   3.9150000e-02	  -1.5353571e-12	
   3.9200000e-02	  -1.4966778e-12	
   3.9250000e-02	  -1.5940954e-12	
   3.9300000e-02	  -1.5986895e-12	
   3.9350000e-02	  -1.6176111e-12	
   3.9400000e-02	  -1.6421185e-12	
   3.9450000e-02	  -1.5708021e-12	
   3.9500000e-02	  -1.4649482e-12	
   3.9550000e-02	  -1.5385117e-12	
   3.9600000e-02	  -1.4667618e-12	
   3.9650000e-02	  -1.2502128e-12	
   3.9700000e-02	  -1.1674743e-12	
   3.9750000e-02	  -1.0577486e-12	
   3.9800000e-02	  -9.3916357e-13	
   3.9850000e-02	  -8.7417139e-13	
   3.9900000e-02	  -8.7773387e-13	
   3.9950000e-02	  -8.3633182e-13	
   4.0000000e-02	  -7.5060314e-13	
   4.0050000e-02	  -7.6687723e-13	
   4.0100000e-02	  -7.6498920e-13	
   4.0150000e-02	  -8.1513030e-13	
   4.0200000e-02	  -8.1355625e-13	
   4.0250000e-02	  -9.7427350e-13	
   4.0300000e-02	  -1.0723462e-12	
   4.0350000e-02	  -9.3852899e-13	
   4.0400000e-02	  -1.0063302e-12	
   4.0450000e-02	  -1.0236628e-12	
   4.0500000e-02	  -9.4393287e-13	
   4.0550000e-02	  -6.9282308e-13	
   4.0600000e-02	  -6.7178435e-13	
   4.0650000e-02	  -7.7157334e-13	
   4.0700000e-02	  -6.8050730e-13	
   4.0750000e-02	  -7.2523080e-13	
   4.0800000e-02	  -9.0618420e-13	
   4.0850000e-02	  -8.8081387e-13	
   4.0900000e-02	  -9.8450957e-13	
   4.0950000e-02	  -1.1650494e-12	
   4.1000000e-02	  -1.1560436e-12	
   4.1050000e-02	  -1.0135801e-12	
   4.1100000e-02	  -9.9760629e-13	
   4.1150000e-02	  -9.2081594e-13	
   4.1200000e-02	  -8.1384595e-13	
   4.1250000e-02	  -8.0803918e-13	
   4.1300000e-02	  -7.0809743e-13	
   4.1350000e-02	  -8.1609752e-13	
   4.1400000e-02	  -8.1849328e-13	
   4.1450000e-02	  -7.4989732e-13	
   4.1500000e-02	  -5.9944660e-13	
   4.1550000e-02	  -4.6319448e-13	
   4.1600000e-02	  -5.0773307e-13	
   4.1650000e-02	  -5.9047667e-13	
   4.1700000e-02	  -6.3763348e-13	
   4.1750000e-02	  -7.6375429e-13	
   4.1800000e-02	  -7.5378180e-13	
   4.1850000e-02	  -7.9920359e-13	
   4.1900000e-02	  -8.1002826e-13	
   4.1950000e-02	  -8.5808205e-13	
   4.2000000e-02	  -9.2833141e-13	
   4.2050000e-02	  -7.7117288e-13	
   4.2100000e-02	  -7.7193040e-13	
   4.2150000e-02	  -8.0876205e-13	
   4.2200000e-02	  -7.1718152e-13	
   4.2250000e-02	  -6.9456749e-13	
   4.2300000e-02	  -5.5314981e-13	
   4.2350000e-02	  -5.2790281e-13	
   4.2400000e-02	  -4.6378634e-13	
   4.2450000e-02	  -5.5921110e-13	
   4.2500000e-02	  -4.1707740e-13	
   4.2550000e-02	  -5.0168723e-13	
   4.2600000e-02	  -5.6930658e-13	
   4.2650000e-02	  -7.4416948e-13	
   4.2700000e-02	  -7.5352853e-13	
   4.2750000e-02	  -9.1157117e-13	
   4.2800000e-02	  -7.6720965e-13	
   4.2850000e-02	  -8.9154096e-13	
   4.2900000e-02	  -8.1546532e-13	
   4.2950000e-02	  -6.2757373e-13	
   4.3000000e-02	  -5.3871881e-13	
   4.3050000e-02	  -5.6584295e-13	
   4.3100000e-02	  -6.5840432e-13	
   4.3150000e-02	  -8.0529832e-13	
   4.3200000e-02	  -9.1786756e-13	
   4.3250000e-02	  -1.0208585e-12	
   4.3300000e-02	  -9.8969899e-13	
   4.3350000e-02	  -8.2907748e-13	
   4.3400000e-02	  -7.2880395e-13	
   4.3450000e-02	  -8.2063685e-13	
   4.3500000e-02	  -7.1672659e-13	
   4.3550000e-02	  -6.9591164e-13	
   4.3600000e-02	  -6.2446511e-13	
   4.3650000e-02	  -5.8030412e-13	
   4.3700000e-02	  -6.4693650e-13	
   4.3750000e-02	  -6.0026495e-13	
   4.3800000e-02	  -5.2052416e-13	
   4.3850000e-02	  -5.5505210e-13	
   4.3900000e-02	  -5.9796684e-13	
   4.3950000e-02	  -6.6341449e-13	
   4.4000000e-02	  -6.7218525e-13	
   4.4050000e-02	  -6.6714245e-13	
   4.4100000e-02	  -6.9051384e-13	
   4.4150000e-02	  -5.2283265e-13	
   4.4200000e-02	  -4.1864645e-13	
   4.4250000e-02	  -5.1421237e-13	
   4.4300000e-02	  -3.9366795e-13	
   4.4350000e-02	  -3.6939137e-13	
   4.4400000e-02	  -1.5275108e-13	
   4.4450000e-02	   4.6138766e-15	
   4.4500000e-02	  -3.9660115e-15	
   4.4550000e-02	  -7.8504911e-14	
   4.4600000e-02	  -3.2733365e-14	
   4.4650000e-02	  -1.7481719e-13	
   4.4700000e-02	  -4.2542630e-13	
   4.4750000e-02	  -5.6789138e-13	
   4.4800000e-02	  -4.6710986e-13	
   4.4850000e-02	  -6.0048071e-13	
   4.4900000e-02	  -5.7555046e-13	
   4.4950000e-02	  -5.0521653e-13	
   4.5000000e-02	  -3.5586551e-13	
   4.5050000e-02	  -4.0350861e-13	
   4.5100000e-02	  -3.5527787e-13	
   4.5150000e-02	  -3.7110332e-13	
   4.5200000e-02	  -3.1043833e-13	
   4.5250000e-02	  -2.5535201e-13	
   4.5300000e-02	  -3.2964519e-13	
   4.5350000e-02	  -2.3999468e-13	
   4.5400000e-02	  -2.6340985e-13	
   4.5450000e-02	  -1.4737690e-13	
   4.5500000e-02	  -9.2587721e-14	
   4.5550000e-02	  -1.4741637e-13	
   4.5600000e-02	  -2.3590721e-13	
   4.5650000e-02	  -2.8762832e-13	
   4.5700000e-02	  -3.2480832e-13	
   4.5750000e-02	  -3.0497263e-13	
   4.5800000e-02	  -2.7738434e-13	
   4.5850000e-02	  -1.9718195e-13	
   4.5900000e-02	  -1.6221269e-13	
   4.5950000e-02	  -6.5450033e-14	
   4.6000000e-02	   3.0069263e-14	
   4.6050000e-02	   9.0837711e-14	
   4.6100000e-02	   5.1162416e-14	
   4.6150000e-02	   2.0394060e-14	
   4.6200000e-02	  -1.2302008e-14	
   4.6250000e-02	  -1.6467513e-14	
   4.6300000e-02	  -1.3605393e-13	
   4.6350000e-02	  -1.3472166e-13	
   4.6400000e-02	  -2.0737101e-13	
   4.6450000e-02	  -1.9545932e-13	
   4.6500000e-02	  -2.0090120e-13	
   4.6550000e-02	  -1.4974597e-13	
   4.6600000e-02	  -1.8614212e-13	
   4.6650000e-02	  -1.2679885e-13	
   4.6700000e-02	  -2.6797249e-13	
   4.6750000e-02	  -2.1426741e-13	
   4.6800000e-02	  -2.2664206e-13	
   4.6850000e-02	  -2.2460446e-13	
   4.6900000e-02	  -2.4962205e-13	
   4.6950000e-02	  -2.5019510e-13	
   4.7000000e-02	  -2.8716553e-13	
   4.7050000e-02	  -2.5421803e-13	
   4.7100000e-02	  -3.3087855e-13	
   4.7150000e-02	  -4.3441726e-13	
   4.7200000e-02	  -5.2353412e-13	
   4.7250000e-02	  -5.9536837e-13	
   4.7300000e-02	  -5.9553560e-13	
   4.7350000e-02	  -7.8934515e-13	
   4.7400000e-02	  -6.5745825e-13	
   4.7450000e-02	  -5.7625823e-13	
   4.7500000e-02	  -5.2217761e-13	
   4.7550000e-02	  -4.8695509e-13	
   4.7600000e-02	  -6.1875114e-13	
   4.7650000e-02	  -5.4114352e-13	
   4.7700000e-02	  -3.9251447e-13	
   4.7750000e-02	  -4.5582136e-13	
   4.7800000e-02	  -5.6012920e-13	
   4.7850000e-02	  -6.5535083e-13	
   4.7900000e-02	  -7.4194752e-13	
   4.7950000e-02	  -8.1650745e-13	
   4.8000000e-02	  -8.5838107e-13	
   4.8050000e-02	  -7.3447758e-13	
   4.8100000e-02	  -7.7875597e-13	
   4.8150000e-02	  -6.1218587e-13	
   4.8200000e-02	  -5.3934114e-13	
   4.8250000e-02	  -5.7228441e-13	
   4.8300000e-02	  -4.8039985e-13	
   4.8350000e-02	  -4.0804621e-13	
   4.8400000e-02	  -3.2178990e-13	
   4.8450000e-02	  -2.7064050e-13	
   4.8500000e-02	  -3.7771218e-13	
   4.8550000e-02	  -4.3388427e-13	
   4.8600000e-02	  -4.9382232e-13	
   4.8650000e-02	  -4.7976113e-13	
   4.8700000e-02	  -4.9054576e-13	
   4.8750000e-02	  -4.9256476e-13	
   4.8800000e-02	  -4.5487268e-13	
   4.8850000e-02	  -4.1610888e-13	
   4.8900000e-02	  -4.5673003e-13	
   4.8950000e-02	  -5.0085879e-13	
   4.9000000e-02	  -4.9490186e-13	
   4.9050000e-02	  -5.3862275e-13	
   4.9100000e-02	  -6.7886669e-13	
   4.9150000e-02	  -7.8480885e-13	
   4.9200000e-02	  -8.0058783e-13	
   4.9250000e-02	  -7.2564778e-13	
   4.9300000e-02	  -7.7588537e-13	
   4.9350000e-02	  -8.9100255e-13	
   4.9400000e-02	  -8.3531467e-13	
   4.9450000e-02	  -9.6510994e-13	
   4.9500000e-02	  -9.6020002e-13	
   4.9550000e-02	  -1.0235816e-12	
   4.9600000e-02	  -1.0986303e-12	
   4.9650000e-02	  -1.0151441e-12	
   4.9700000e-02	  -8.2313258e-13	
   4.9750000e-02	  -6.6659788e-13	
   4.9800000e-02	  -5.8727329e-13	
   4.9850000e-02	  -7.3412652e-13	
   4.9900000e-02	  -8.5683782e-13	
   4.9950000e-02	  -1.0284150e-12	
   5.0000000e-02	  -1.0809370e-12	
