   0.0000000e+00	  -1.6678245e-12	
   5.0000000e-05	  -1.6182072e-12	
   1.0000000e-04	  -1.5988687e-12	
   1.5000000e-04	  -1.5433301e-12	
   2.0000000e-04	  -1.6798014e-12	
   2.5000000e-04	  -1.8291511e-12	
   3.0000000e-04	  -1.6620390e-12	
   3.5000000e-04	  -1.5622329e-12	
   4.0000000e-04	  -1.6120720e-12	
   4.5000000e-04	  -1.5960160e-12	
   5.0000000e-04	  -1.8139812e-12	
   5.5000000e-04	  -1.9508429e-12	
   6.0000000e-04	  -1.8099249e-12	
   6.5000000e-04	  -1.7602438e-12	
   7.0000000e-04	  -1.7727204e-12	
   7.5000000e-04	  -1.7075045e-12	
   8.0000000e-04	  -1.6289007e-12	
   8.5000000e-04	  -1.5058827e-12	
   9.0000000e-04	  -1.3311082e-12	
   9.5000000e-04	  -1.4250434e-12	
   1.0000000e-03	  -1.3783069e-12	
   1.0500000e-03	  -1.5472910e-12	
   1.1000000e-03	  -1.5742756e-12	
   1.1500000e-03	  -1.5948997e-12	
   1.2000000e-03	  -1.4394217e-12	
   1.2500000e-03	  -1.3387118e-12	
   1.3000000e-03	  -1.1811139e-12	
   1.3500000e-03	  -1.1261159e-12	
   1.4000000e-03	  -1.1786317e-12	
   1.4500000e-03	  -1.0900974e-12	
   1.5000000e-03	  -1.1394166e-12	
   1.5500000e-03	  -1.0204086e-12	
   1.6000000e-03	  -9.9423822e-13	
   1.6500000e-03	  -1.0266189e-12	
   1.7000000e-03	  -1.0891245e-12	
   1.7500000e-03	  -1.0855815e-12	
   1.8000000e-03	  -1.1388418e-12	
   1.8500000e-03	  -1.1254078e-12	
   1.9000000e-03	  -1.1038665e-12	
   1.9500000e-03	  -1.1213955e-12	
   2.0000000e-03	  -1.0964943e-12	
   2.0500000e-03	  -1.0409676e-12	
   2.1000000e-03	  -1.0430187e-12	
   2.1500000e-03	  -1.1742233e-12	
   2.2000000e-03	  -1.2381141e-12	
   2.2500000e-03	  -1.2415405e-12	
   2.3000000e-03	  -1.2078156e-12	
   2.3500000e-03	  -1.2069259e-12	
   2.4000000e-03	  -1.1699277e-12	
   2.4500000e-03	  -1.2266892e-12	
   2.5000000e-03	  -1.1755330e-12	
   2.5500000e-03	  -1.1451747e-12	
   2.6000000e-03	  -1.1315744e-12	
   2.6500000e-03	  -9.9050397e-13	
   2.7000000e-03	  -8.3015414e-13	
   2.7500000e-03	  -9.5277410e-13	
   2.8000000e-03	  -8.5680626e-13	
   2.8500000e-03	  -1.0395518e-12	
   2.9000000e-03	  -1.1947631e-12	
   2.9500000e-03	  -9.9548978e-13	
   3.0000000e-03	  -1.0216920e-12	
   3.0500000e-03	  -1.0532003e-12	
   3.1000000e-03	  -1.1072983e-12	
   3.1500000e-03	  -1.1691840e-12	
   3.2000000e-03	  -1.1438927e-12	
   3.2500000e-03	  -1.1217131e-12	
   3.3000000e-03	  -1.1240150e-12	
   3.3500000e-03	  -1.0377177e-12	
   3.4000000e-03	  -1.0146064e-12	
   3.4500000e-03	  -9.5793545e-13	
   3.5000000e-03	  -8.8464029e-13	
   3.5500000e-03	  -7.8932542e-13	
   3.6000000e-03	  -8.0034796e-13	
   3.6500000e-03	  -6.5616799e-13	
   3.7000000e-03	  -7.7286105e-13	
   3.7500000e-03	  -7.5984894e-13	
   3.8000000e-03	  -8.5045445e-13	
   3.8500000e-03	  -9.5394485e-13	
   3.9000000e-03	  -9.6480177e-13	
   3.9500000e-03	  -9.3572480e-13	
   4.0000000e-03	  -1.0223794e-12	
   4.0500000e-03	  -1.0527433e-12	
   4.1000000e-03	  -1.0411725e-12	
   4.1500000e-03	  -9.3723808e-13	
   4.2000000e-03	  -9.2157076e-13	
   4.2500000e-03	  -8.6105396e-13	
   4.3000000e-03	  -7.7417470e-13	
   4.3500000e-03	  -6.6096046e-13	
   4.4000000e-03	  -7.1102399e-13	
   4.4500000e-03	  -7.7616323e-13	
   4.5000000e-03	  -8.0917759e-13	
   4.5500000e-03	  -8.8334953e-13	
   4.6000000e-03	  -1.0024483e-12	
   4.6500000e-03	  -1.0308165e-12	
   4.7000000e-03	  -1.0226167e-12	
   4.7500000e-03	  -9.9834746e-13	
   4.8000000e-03	  -8.8140038e-13	
   4.8500000e-03	  -7.4320448e-13	
   4.9000000e-03	  -6.9668211e-13	
   4.9500000e-03	  -7.1059283e-13	
   5.0000000e-03	  -7.6338716e-13	
   5.0500000e-03	  -7.0694465e-13	
   5.1000000e-03	  -6.4458898e-13	
   5.1500000e-03	  -6.4037323e-13	
   5.2000000e-03	  -6.1276738e-13	
   5.2500000e-03	  -6.6307983e-13	
   5.3000000e-03	  -6.6704959e-13	
   5.3500000e-03	  -5.5138939e-13	
   5.4000000e-03	  -5.5121267e-13	
   5.4500000e-03	  -6.7523726e-13	
   5.5000000e-03	  -7.3273066e-13	
   5.5500000e-03	  -6.2685710e-13	
   5.6000000e-03	  -5.9432900e-13	
   5.6500000e-03	  -6.1878779e-13	
   5.7000000e-03	  -5.6644342e-13	
   5.7500000e-03	  -5.3570565e-13	
   5.8000000e-03	  -5.9961579e-13	
   5.8500000e-03	  -7.8286292e-13	
   5.9000000e-03	  -8.0414820e-13	
   5.9500000e-03	  -6.9123814e-13	
   6.0000000e-03	  -6.3555091e-13	
   6.0500000e-03	  -7.0256149e-13	
   6.1000000e-03	  -7.3783059e-13	
   6.1500000e-03	  -8.2238830e-13	
   6.2000000e-03	  -8.3919368e-13	
   6.2500000e-03	  -7.5331855e-13	
   6.3000000e-03	  -7.6096821e-13	
   6.3500000e-03	  -6.8877879e-13	
   6.4000000e-03	  -6.6124080e-13	
   6.4500000e-03	  -6.1601309e-13	
   6.5000000e-03	  -5.4541170e-13	
   6.5500000e-03	  -5.1234998e-13	
   6.6000000e-03	  -5.3822073e-13	
   6.6500000e-03	  -5.0560597e-13	
   6.7000000e-03	  -6.4441345e-13	
   6.7500000e-03	  -6.5471099e-13	
   6.8000000e-03	  -6.4854903e-13	
   6.8500000e-03	  -6.4878078e-13	
   6.9000000e-03	  -5.4581974e-13	
   6.9500000e-03	  -4.5178471e-13	
   7.0000000e-03	  -4.7780253e-13	
   7.0500000e-03	  -3.4514579e-13	
   7.1000000e-03	  -4.4226444e-13	
   7.1500000e-03	  -3.7514967e-13	
   7.2000000e-03	  -3.5651018e-13	
   7.2500000e-03	  -3.0321011e-13	
   7.3000000e-03	  -3.4482335e-13	
   7.3500000e-03	  -4.6482588e-13	
   7.4000000e-03	  -5.2623173e-13	
   7.4500000e-03	  -6.2871339e-13	
   7.5000000e-03	  -4.3950764e-13	
   7.5500000e-03	  -4.2436622e-13	
   7.6000000e-03	  -5.6411592e-13	
   7.6500000e-03	  -6.3794922e-13	
   7.7000000e-03	  -6.3916776e-13	
   7.7500000e-03	  -6.9765726e-13	
   7.8000000e-03	  -7.2114417e-13	
   7.8500000e-03	  -7.7994261e-13	
   7.9000000e-03	  -7.4074091e-13	
   7.9500000e-03	  -7.5468073e-13	
   8.0000000e-03	  -8.0248492e-13	
   8.0500000e-03	  -7.7797472e-13	
   8.1000000e-03	  -7.3531816e-13	
   8.1500000e-03	  -7.0622376e-13	
   8.2000000e-03	  -6.7584328e-13	
   8.2500000e-03	  -7.1981223e-13	
   8.3000000e-03	  -6.5093872e-13	
   8.3500000e-03	  -6.0224972e-13	
   8.4000000e-03	  -6.5305132e-13	
   8.4500000e-03	  -6.3720567e-13	
   8.5000000e-03	  -8.1851984e-13	
   8.5500000e-03	  -8.3929722e-13	
   8.6000000e-03	  -9.3349357e-13	
   8.6500000e-03	  -1.0398747e-12	
   8.7000000e-03	  -1.0357754e-12	
   8.7500000e-03	  -1.0266053e-12	
   8.8000000e-03	  -1.0637909e-12	
   8.8500000e-03	  -1.0983770e-12	
   8.9000000e-03	  -1.0245281e-12	
   8.9500000e-03	  -1.0804084e-12	
   9.0000000e-03	  -1.1687962e-12	
   9.0500000e-03	  -9.7267932e-13	
   9.1000000e-03	  -9.1827906e-13	
   9.1500000e-03	  -7.8643819e-13	
   9.2000000e-03	  -7.1012743e-13	
   9.2500000e-03	  -6.4105232e-13	
   9.3000000e-03	  -6.9794160e-13	
   9.3500000e-03	  -6.3279064e-13	
   9.4000000e-03	  -7.1251311e-13	
   9.4500000e-03	  -6.7674328e-13	
   9.5000000e-03	  -7.1845600e-13	
   9.5500000e-03	  -8.5467337e-13	
   9.6000000e-03	  -9.8628180e-13	
   9.6500000e-03	  -9.5429648e-13	
   9.7000000e-03	  -9.5224910e-13	
   9.7500000e-03	  -1.0832769e-12	
   9.8000000e-03	  -1.3917130e-12	
   9.8500000e-03	  -1.5077267e-12	
   9.9000000e-03	  -1.6407930e-12	
   9.9500000e-03	  -1.8451429e-12	
   1.0000000e-02	  -2.2240805e-12	
   1.0050000e-02	  -2.5967732e-12	
   1.0100000e-02	  -2.9717657e-12	
   1.0150000e-02	  -3.4827756e-12	
   1.0200000e-02	  -3.9708455e-12	
   1.0250000e-02	  -4.2587243e-12	
   1.0300000e-02	  -4.8584716e-12	
   1.0350000e-02	  -5.4662233e-12	
   1.0400000e-02	  -5.9999124e-12	
   1.0450000e-02	  -6.4575749e-12	
   1.0500000e-02	  -7.2468570e-12	
   1.0550000e-02	  -7.6831875e-12	
   1.0600000e-02	  -8.1558788e-12	
   1.0650000e-02	  -8.5682434e-12	
   1.0700000e-02	  -8.8384664e-12	
   1.0750000e-02	  -9.1964392e-12	
   1.0800000e-02	  -9.6450665e-12	
   1.0850000e-02	  -1.0048333e-11	
   1.0900000e-02	  -1.0463182e-11	
   1.0950000e-02	  -1.0665678e-11	
   1.1000000e-02	  -1.0941357e-11	
   1.1050000e-02	  -1.1007144e-11	
   1.1100000e-02	  -1.1170524e-11	
   1.1150000e-02	  -1.1096872e-11	
   1.1200000e-02	  -1.1270927e-11	
   1.1250000e-02	  -1.1324634e-11	
   1.1300000e-02	  -1.1289426e-11	
   1.1350000e-02	  -1.1003246e-11	
   1.1400000e-02	  -1.1304031e-11	
   1.1450000e-02	  -1.1137414e-11	
   1.1500000e-02	  -1.1070489e-11	
   1.1550000e-02	  -1.1212424e-11	
   1.1600000e-02	  -1.1366955e-11	
   1.1650000e-02	  -1.1237704e-11	
   1.1700000e-02	  -1.1218106e-11	
   1.1750000e-02	  -1.1205824e-11	
   1.1800000e-02	  -1.1183153e-11	
   1.1850000e-02	  -1.1106908e-11	
   1.1900000e-02	  -1.0969869e-11	
   1.1950000e-02	  -1.0993755e-11	
   1.2000000e-02	  -1.1036257e-11	
   1.2050000e-02	  -1.1004462e-11	
   1.2100000e-02	  -1.1078529e-11	
   1.2150000e-02	  -1.1269290e-11	
   1.2200000e-02	  -1.1253179e-11	
   1.2250000e-02	  -1.1338224e-11	
   1.2300000e-02	  -1.1099970e-11	
   1.2350000e-02	  -1.0755510e-11	
   1.2400000e-02	  -1.0682826e-11	
   1.2450000e-02	  -1.0880275e-11	
   1.2500000e-02	  -1.0976645e-11	
   1.2550000e-02	  -1.0972910e-11	
   1.2600000e-02	  -1.0744131e-11	
   1.2650000e-02	  -1.0605787e-11	
   1.2700000e-02	  -1.0775672e-11	
   1.2750000e-02	  -1.0959667e-11	
   1.2800000e-02	  -1.0648121e-11	
   1.2850000e-02	  -1.0752716e-11	
   1.2900000e-02	  -1.0504321e-11	
   1.2950000e-02	  -1.0336463e-11	
   1.3000000e-02	  -1.0180158e-11	
   1.3050000e-02	  -1.0141514e-11	
   1.3100000e-02	  -1.0090103e-11	
   1.3150000e-02	  -1.0067067e-11	
   1.3200000e-02	  -9.9681185e-12	
   1.3250000e-02	  -9.9682790e-12	
   1.3300000e-02	  -1.0262234e-11	
   1.3350000e-02	  -1.0414448e-11	
   1.3400000e-02	  -1.0277572e-11	
   1.3450000e-02	  -1.0161723e-11	
   1.3500000e-02	  -9.9488490e-12	
   1.3550000e-02	  -9.9487105e-12	
   1.3600000e-02	  -1.0230990e-11	
   1.3650000e-02	  -1.0490642e-11	
   1.3700000e-02	  -1.0434576e-11	
   1.3750000e-02	  -1.0475435e-11	
   1.3800000e-02	  -1.0526813e-11	
   1.3850000e-02	  -1.0621100e-11	
   1.3900000e-02	  -1.0561244e-11	
   1.3950000e-02	  -1.0428454e-11	
   1.4000000e-02	  -1.0380912e-11	
   1.4050000e-02	  -1.0292206e-11	
   1.4100000e-02	  -1.0064805e-11	
   1.4150000e-02	  -9.8302153e-12	
   1.4200000e-02	  -9.6469414e-12	
   1.4250000e-02	  -9.3070778e-12	
   1.4300000e-02	  -9.1371664e-12	
   1.4350000e-02	  -9.1271511e-12	
   1.4400000e-02	  -9.4020761e-12	
   1.4450000e-02	  -9.6249962e-12	
   1.4500000e-02	  -9.6042042e-12	
   1.4550000e-02	  -9.5944897e-12	
   1.4600000e-02	  -9.4772628e-12	
   1.4650000e-02	  -9.3905945e-12	
   1.4700000e-02	  -9.3103408e-12	
   1.4750000e-02	  -9.3023056e-12	
   1.4800000e-02	  -9.3170577e-12	
   1.4850000e-02	  -9.1141910e-12	
   1.4900000e-02	  -8.9449836e-12	
   1.4950000e-02	  -8.8642794e-12	
   1.5000000e-02	  -8.8966276e-12	
   1.5050000e-02	  -8.7491206e-12	
   1.5100000e-02	  -8.7433902e-12	
   1.5150000e-02	  -8.7748670e-12	
   1.5200000e-02	  -8.8660376e-12	
   1.5250000e-02	  -9.0617178e-12	
   1.5300000e-02	  -8.9470921e-12	
   1.5350000e-02	  -9.0074327e-12	
   1.5400000e-02	  -8.8630210e-12	
   1.5450000e-02	  -8.7011136e-12	
   1.5500000e-02	  -8.7398035e-12	
   1.5550000e-02	  -8.5903497e-12	
   1.5600000e-02	  -8.4584946e-12	
   1.5650000e-02	  -8.4670850e-12	
   1.5700000e-02	  -8.4489329e-12	
   1.5750000e-02	  -8.2724937e-12	
   1.5800000e-02	  -8.0646262e-12	
   1.5850000e-02	  -8.1179412e-12	
   1.5900000e-02	  -8.3142342e-12	
   1.5950000e-02	  -8.4440424e-12	
   1.6000000e-02	  -8.2476117e-12	
   1.6050000e-02	  -8.2993228e-12	
   1.6100000e-02	  -8.3610935e-12	
   1.6150000e-02	  -8.3900216e-12	
   1.6200000e-02	  -8.4896955e-12	
   1.6250000e-02	  -8.3140804e-12	
   1.6300000e-02	  -8.3665668e-12	
   1.6350000e-02	  -8.2894582e-12	
   1.6400000e-02	  -8.1902606e-12	
   1.6450000e-02	  -8.1677673e-12	
   1.6500000e-02	  -8.2066725e-12	
   1.6550000e-02	  -8.1249473e-12	
   1.6600000e-02	  -8.1117460e-12	
   1.6650000e-02	  -8.0406217e-12	
   1.6700000e-02	  -7.9361125e-12	
   1.6750000e-02	  -7.8460536e-12	
   1.6800000e-02	  -7.6698629e-12	
   1.6850000e-02	  -7.6480683e-12	
   1.6900000e-02	  -7.7101144e-12	
   1.6950000e-02	  -7.6605939e-12	
   1.7000000e-02	  -7.6774404e-12	
   1.7050000e-02	  -7.8247404e-12	
   1.7100000e-02	  -7.8788393e-12	
   1.7150000e-02	  -7.8179852e-12	
   1.7200000e-02	  -7.7037988e-12	
   1.7250000e-02	  -7.7453116e-12	
   1.7300000e-02	  -7.6334989e-12	
   1.7350000e-02	  -7.5665524e-12	
   1.7400000e-02	  -7.5298542e-12	
   1.7450000e-02	  -7.3809557e-12	
   1.7500000e-02	  -7.3203640e-12	
   1.7550000e-02	  -7.2081287e-12	
   1.7600000e-02	  -7.1366927e-12	
   1.7650000e-02	  -7.0138903e-12	
   1.7700000e-02	  -7.1905904e-12	
   1.7750000e-02	  -7.4884928e-12	
   1.7800000e-02	  -7.4125897e-12	
   1.7850000e-02	  -7.2374798e-12	
   1.7900000e-02	  -7.0822983e-12	
   1.7950000e-02	  -6.9716178e-12	
   1.8000000e-02	  -6.9924484e-12	
   1.8050000e-02	  -7.0870838e-12	
   1.8100000e-02	  -7.1633583e-12	
   1.8150000e-02	  -6.9652259e-12	
   1.8200000e-02	  -6.8331926e-12	
   1.8250000e-02	  -6.7359825e-12	
   1.8300000e-02	  -6.5688793e-12	
   1.8350000e-02	  -6.6099232e-12	
   1.8400000e-02	  -6.6061720e-12	
   1.8450000e-02	  -6.3800076e-12	
   1.8500000e-02	  -6.1787998e-12	
   1.8550000e-02	  -6.1466322e-12	
   1.8600000e-02	  -6.1384181e-12	
   1.8650000e-02	  -6.2053467e-12	
   1.8700000e-02	  -6.2174603e-12	
   1.8750000e-02	  -6.1367203e-12	
   1.8800000e-02	  -6.1119518e-12	
   1.8850000e-02	  -6.0657143e-12	
   1.8900000e-02	  -6.0972477e-12	
   1.8950000e-02	  -6.1953776e-12	
   1.9000000e-02	  -6.2524414e-12	
   1.9050000e-02	  -6.1246499e-12	
   1.9100000e-02	  -6.0393121e-12	
   1.9150000e-02	  -6.0369496e-12	
   1.9200000e-02	  -6.0221036e-12	
   1.9250000e-02	  -5.8603521e-12	
   1.9300000e-02	  -5.9713435e-12	
   1.9350000e-02	  -5.8955233e-12	
   1.9400000e-02	  -5.8027131e-12	
   1.9450000e-02	  -5.7724549e-12	
   1.9500000e-02	  -5.7555043e-12	
   1.9550000e-02	  -5.5678136e-12	
   1.9600000e-02	  -5.3681213e-12	
   1.9650000e-02	  -5.2741190e-12	
   1.9700000e-02	  -5.4167074e-12	
   1.9750000e-02	  -5.5572261e-12	
   1.9800000e-02	  -5.6617207e-12	
   1.9850000e-02	  -5.6512910e-12	
   1.9900000e-02	  -5.5055408e-12	
   1.9950000e-02	  -5.4922789e-12	
   2.0000000e-02	  -5.4116003e-12	
   2.0050000e-02	  -5.4107701e-12	
   2.0100000e-02	  -5.3766310e-12	
   2.0150000e-02	  -5.3742995e-12	
   2.0200000e-02	  -5.3420556e-12	
   2.0250000e-02	  -5.3951411e-12	
   2.0300000e-02	  -5.4871021e-12	
   2.0350000e-02	  -5.4696254e-12	
   2.0400000e-02	  -5.3848321e-12	
   2.0450000e-02	  -5.3542925e-12	
   2.0500000e-02	  -5.2524214e-12	
   2.0550000e-02	  -5.1240001e-12	
   2.0600000e-02	  -4.9244466e-12	
   2.0650000e-02	  -4.7885743e-12	
   2.0700000e-02	  -4.7209756e-12	
   2.0750000e-02	  -4.7093287e-12	
   2.0800000e-02	  -4.6412973e-12	
   2.0850000e-02	  -4.6579260e-12	
   2.0900000e-02	  -4.7746435e-12	
   2.0950000e-02	  -4.8218760e-12	
   2.1000000e-02	  -4.7454510e-12	
   2.1050000e-02	  -4.5172175e-12	
   2.1100000e-02	  -4.5614450e-12	
   2.1150000e-02	  -4.5380699e-12	
   2.1200000e-02	  -4.5760366e-12	
   2.1250000e-02	  -4.6058820e-12	
   2.1300000e-02	  -4.7216366e-12	
   2.1350000e-02	  -4.7195113e-12	
   2.1400000e-02	  -4.8061894e-12	
   2.1450000e-02	  -4.7110263e-12	
   2.1500000e-02	  -4.7702785e-12	
   2.1550000e-02	  -4.7840453e-12	
   2.1600000e-02	  -4.7441919e-12	
   2.1650000e-02	  -4.6415807e-12	
   2.1700000e-02	  -4.5531380e-12	
   2.1750000e-02	  -4.4481278e-12	
   2.1800000e-02	  -4.4552700e-12	
   2.1850000e-02	  -4.3778765e-12	
   2.1900000e-02	  -4.3806674e-12	
   2.1950000e-02	  -4.1915083e-12	
   2.2000000e-02	  -3.9603760e-12	
   2.2050000e-02	  -3.7586999e-12	
   2.2100000e-02	  -3.5555653e-12	
   2.2150000e-02	  -3.6739921e-12	
   2.2200000e-02	  -3.6768790e-12	
   2.2250000e-02	  -3.8665604e-12	
   2.2300000e-02	  -4.0347873e-12	
   2.2350000e-02	  -4.0006212e-12	
   2.2400000e-02	  -4.0579018e-12	
   2.2450000e-02	  -4.0133287e-12	
   2.2500000e-02	  -3.8903221e-12	
   2.2550000e-02	  -3.7771626e-12	
   2.2600000e-02	  -3.6825974e-12	
   2.2650000e-02	  -3.6822114e-12	
   2.2700000e-02	  -3.7620911e-12	
   2.2750000e-02	  -3.6883132e-12	
   2.2800000e-02	  -3.6442826e-12	
   2.2850000e-02	  -3.4944697e-12	
   2.2900000e-02	  -3.5012023e-12	
   2.2950000e-02	  -3.6893555e-12	
   2.3000000e-02	  -3.6917484e-12	
   2.3050000e-02	  -3.7543219e-12	
   2.3100000e-02	  -3.7543985e-12	
   2.3150000e-02	  -3.5392336e-12	
   2.3200000e-02	  -3.5026650e-12	
   2.3250000e-02	  -3.4512805e-12	
   2.3300000e-02	  -3.5085440e-12	
   2.3350000e-02	  -3.5104433e-12	
   2.3400000e-02	  -3.3990472e-12	
   2.3450000e-02	  -3.4803036e-12	
   2.3500000e-02	  -3.4280817e-12	
   2.3550000e-02	  -3.3431854e-12	
   2.3600000e-02	  -3.3239958e-12	
   2.3650000e-02	  -3.3396878e-12	
   2.3700000e-02	  -3.4202215e-12	
   2.3750000e-02	  -3.4639467e-12	
   2.3800000e-02	  -3.4309328e-12	
   2.3850000e-02	  -3.3651450e-12	
   2.3900000e-02	  -3.2409755e-12	
   2.3950000e-02	  -3.2876648e-12	
   2.4000000e-02	  -3.3085010e-12	
   2.4050000e-02	  -3.2839562e-12	
   2.4100000e-02	  -3.3683987e-12	
   2.4150000e-02	  -3.5178107e-12	
   2.4200000e-02	  -3.3321453e-12	
   2.4250000e-02	  -3.5358876e-12	
   2.4300000e-02	  -3.2944156e-12	
   2.4350000e-02	  -3.2426242e-12	
   2.4400000e-02	  -3.2232007e-12	
   2.4450000e-02	  -3.2926738e-12	
   2.4500000e-02	  -3.2708479e-12	
   2.4550000e-02	  -3.2626605e-12	
   2.4600000e-02	  -3.1497539e-12	
   2.4650000e-02	  -3.1492829e-12	
   2.4700000e-02	  -3.0804187e-12	
   2.4750000e-02	  -3.0880559e-12	
   2.4800000e-02	  -3.1136188e-12	
   2.4850000e-02	  -3.0929316e-12	
   2.4900000e-02	  -3.0930521e-12	
   2.4950000e-02	  -3.0229016e-12	
   2.5000000e-02	  -2.9711513e-12	
   2.5050000e-02	  -3.1377166e-12	
   2.5100000e-02	  -3.0198574e-12	
   2.5150000e-02	  -2.8847003e-12	
   2.5200000e-02	  -3.0244157e-12	
   2.5250000e-02	  -3.1130645e-12	
   2.5300000e-02	  -3.1198682e-12	
   2.5350000e-02	  -2.9837833e-12	
   2.5400000e-02	  -2.8338748e-12	
   2.5450000e-02	  -2.8148866e-12	
   2.5500000e-02	  -2.8096558e-12	
   2.5550000e-02	  -2.7169387e-12	
   2.5600000e-02	  -2.6972970e-12	
   2.5650000e-02	  -2.8027652e-12	
   2.5700000e-02	  -2.8546490e-12	
   2.5750000e-02	  -2.9074543e-12	
   2.5800000e-02	  -2.9038299e-12	
   2.5850000e-02	  -2.8287577e-12	
   2.5900000e-02	  -2.8307138e-12	
   2.5950000e-02	  -2.8482566e-12	
   2.6000000e-02	  -2.9683429e-12	
   2.6050000e-02	  -2.9877163e-12	
   2.6100000e-02	  -3.0129981e-12	
   2.6150000e-02	  -2.8483931e-12	
   2.6200000e-02	  -2.8154035e-12	
   2.6250000e-02	  -2.8242368e-12	
   2.6300000e-02	  -2.7307024e-12	
   2.6350000e-02	  -2.7330387e-12	
   2.6400000e-02	  -2.7318834e-12	
   2.6450000e-02	  -2.6779984e-12	
   2.6500000e-02	  -2.5737238e-12	
   2.6550000e-02	  -2.6467085e-12	
   2.6600000e-02	  -2.7169398e-12	
   2.6650000e-02	  -2.6788689e-12	
   2.6700000e-02	  -2.7123805e-12	
   2.6750000e-02	  -2.7180297e-12	
   2.6800000e-02	  -2.6144478e-12	
   2.6850000e-02	  -2.6238972e-12	
   2.6900000e-02	  -2.5280839e-12	
   2.6950000e-02	  -2.5149664e-12	
   2.7000000e-02	  -2.4094580e-12	
   2.7050000e-02	  -2.3990688e-12	
   2.7100000e-02	  -2.3726291e-12	
   2.7150000e-02	  -2.4804933e-12	
   2.7200000e-02	  -2.5138488e-12	
   2.7250000e-02	  -2.4437340e-12	
   2.7300000e-02	  -2.5056688e-12	
   2.7350000e-02	  -2.4145664e-12	
   2.7400000e-02	  -2.4572581e-12	
   2.7450000e-02	  -2.4036061e-12	
   2.7500000e-02	  -2.1609194e-12	
   2.7550000e-02	  -2.2294822e-12	
   2.7600000e-02	  -2.2046697e-12	
   2.7650000e-02	  -2.2310789e-12	
   2.7700000e-02	  -2.2631846e-12	
   2.7750000e-02	  -2.1956695e-12	
   2.7800000e-02	  -2.3739359e-12	
   2.7850000e-02	  -2.3221347e-12	
   2.7900000e-02	  -2.3470246e-12	
   2.7950000e-02	  -2.3893259e-12	
   2.8000000e-02	  -2.4162550e-12	
   2.8050000e-02	  -2.4894765e-12	
   2.8100000e-02	  -2.3438711e-12	
   2.8150000e-02	  -2.3204320e-12	
   2.8200000e-02	  -2.3820877e-12	
   2.8250000e-02	  -2.2393162e-12	
   2.8300000e-02	  -2.3239649e-12	
   2.8350000e-02	  -2.0340366e-12	
   2.8400000e-02	  -2.1063792e-12	
   2.8450000e-02	  -2.1456981e-12	
   2.8500000e-02	  -2.1716863e-12	
   2.8550000e-02	  -2.1309024e-12	
   2.8600000e-02	  -2.1381438e-12	
   2.8650000e-02	  -2.3193600e-12	
   2.8700000e-02	  -2.4775632e-12	
   2.8750000e-02	  -2.2673382e-12	
   2.8800000e-02	  -2.2001403e-12	
   2.8850000e-02	  -2.1187846e-12	
   2.8900000e-02	  -2.2427706e-12	
   2.8950000e-02	  -2.1813654e-12	
   2.9000000e-02	  -2.0888236e-12	
   2.9050000e-02	  -2.1098562e-12	
   2.9100000e-02	  -2.1062885e-12	
   2.9150000e-02	  -2.1438631e-12	
   2.9200000e-02	  -2.0782470e-12	
   2.9250000e-02	  -2.1475788e-12	
   2.9300000e-02	  -2.1954303e-12	
   2.9350000e-02	  -2.2501341e-12	
   2.9400000e-02	  -2.3483671e-12	
   2.9450000e-02	  -2.3336430e-12	
   2.9500000e-02	  -2.2589775e-12	
   2.9550000e-02	  -2.2297245e-12	
   2.9600000e-02	  -2.2017857e-12	
   2.9650000e-02	  -2.1736792e-12	
   2.9700000e-02	  -2.2276088e-12	
   2.9750000e-02	  -2.1452897e-12	
   2.9800000e-02	  -2.0678093e-12	
   2.9850000e-02	  -2.0505637e-12	
   2.9900000e-02	  -2.1762687e-12	
   2.9950000e-02	  -2.1766316e-12	
   3.0000000e-02	  -2.1019170e-12	
   3.0050000e-02	  -2.0392970e-12	
   3.0100000e-02	  -2.0005214e-12	
   3.0150000e-02	  -1.9646833e-12	
   3.0200000e-02	  -2.0211721e-12	
   3.0250000e-02	  -2.0760903e-12	
   3.0300000e-02	  -1.9402893e-12	
   3.0350000e-02	  -1.9336089e-12	
   3.0400000e-02	  -1.9885267e-12	
   3.0450000e-02	  -1.9310973e-12	
   3.0500000e-02	  -1.8177298e-12	
   3.0550000e-02	  -1.9815400e-12	
   3.0600000e-02	  -1.9521985e-12	
   3.0650000e-02	  -2.0633762e-12	
   3.0700000e-02	  -2.1196339e-12	
   3.0750000e-02	  -2.1299771e-12	
   3.0800000e-02	  -2.1865851e-12	
   3.0850000e-02	  -2.0974918e-12	
   3.0900000e-02	  -2.1684607e-12	
   3.0950000e-02	  -2.2504294e-12	
   3.1000000e-02	  -2.2143526e-12	
   3.1050000e-02	  -2.1965434e-12	
   3.1100000e-02	  -2.1369345e-12	
   3.1150000e-02	  -2.1172704e-12	
   3.1200000e-02	  -2.1428750e-12	
   3.1250000e-02	  -1.9645600e-12	
   3.1300000e-02	  -1.9813913e-12	
   3.1350000e-02	  -1.9042993e-12	
   3.1400000e-02	  -1.8335452e-12	
   3.1450000e-02	  -1.9548959e-12	
   3.1500000e-02	  -1.9941729e-12	
   3.1550000e-02	  -2.0192454e-12	
   3.1600000e-02	  -1.9745578e-12	
   3.1650000e-02	  -2.1249098e-12	
   3.1700000e-02	  -2.1639779e-12	
   3.1750000e-02	  -2.2389195e-12	
   3.1800000e-02	  -2.2257428e-12	
   3.1850000e-02	  -2.1512102e-12	
   3.1900000e-02	  -2.0059543e-12	
   3.1950000e-02	  -2.0777939e-12	
   3.2000000e-02	  -1.9920036e-12	
   3.2050000e-02	  -2.0052628e-12	
   3.2100000e-02	  -2.1380931e-12	
   3.2150000e-02	  -2.2399861e-12	
   3.2200000e-02	  -2.2803040e-12	
   3.2250000e-02	  -2.1948288e-12	
   3.2300000e-02	  -2.1220246e-12	
   3.2350000e-02	  -2.0841348e-12	
   3.2400000e-02	  -2.0039205e-12	
   3.2450000e-02	  -1.9785531e-12	
   3.2500000e-02	  -1.9910744e-12	
   3.2550000e-02	  -2.1786080e-12	
   3.2600000e-02	  -2.2577790e-12	
   3.2650000e-02	  -2.1065366e-12	
   3.2700000e-02	  -2.0815346e-12	
   3.2750000e-02	  -2.0518354e-12	
   3.2800000e-02	  -2.1198967e-12	
   3.2850000e-02	  -2.0742822e-12	
   3.2900000e-02	  -2.0912839e-12	
   3.2950000e-02	  -2.2668731e-12	
   3.3000000e-02	  -2.2803755e-12	
   3.3050000e-02	  -2.3923259e-12	
   3.3100000e-02	  -2.3912939e-12	
   3.3150000e-02	  -2.5197559e-12	
   3.3200000e-02	  -2.6022596e-12	
   3.3250000e-02	  -2.4372093e-12	
   3.3300000e-02	  -2.2520149e-12	
   3.3350000e-02	  -2.0797072e-12	
   3.3400000e-02	  -2.0261067e-12	
   3.3450000e-02	  -2.2197716e-12	
   3.3500000e-02	  -2.1791832e-12	
   3.3550000e-02	  -2.0268583e-12	
   3.3600000e-02	  -2.1246284e-12	
   3.3650000e-02	  -2.1835203e-12	
   3.3700000e-02	  -2.0876775e-12	
   3.3750000e-02	  -1.8552324e-12	
   3.3800000e-02	  -1.7525788e-12	
   3.3850000e-02	  -1.7969368e-12	
   3.3900000e-02	  -1.7838871e-12	
   3.3950000e-02	  -1.8044108e-12	
   3.4000000e-02	  -1.9564066e-12	
   3.4050000e-02	  -1.9098344e-12	
   3.4100000e-02	  -2.0115046e-12	
   3.4150000e-02	  -2.0085113e-12	
   3.4200000e-02	  -2.0002764e-12	
   3.4250000e-02	  -2.2149240e-12	
   3.4300000e-02	  -2.4302790e-12	
   3.4350000e-02	  -2.4480833e-12	
   3.4400000e-02	  -2.3650048e-12	
   3.4450000e-02	  -2.2286480e-12	
   3.4500000e-02	  -2.2244430e-12	
   3.4550000e-02	  -2.3081844e-12	
   3.4600000e-02	  -2.2533163e-12	
   3.4650000e-02	  -2.3041052e-12	
   3.4700000e-02	  -2.2767004e-12	
   3.4750000e-02	  -2.4033585e-12	
   3.4800000e-02	  -2.3322562e-12	
   3.4850000e-02	  -2.1719352e-12	
   3.4900000e-02	  -2.1000114e-12	
   3.4950000e-02	  -2.1293379e-12	
   3.5000000e-02	  -2.2186464e-12	
   3.5050000e-02	  -2.2500318e-12	
   3.5100000e-02	  -2.2320356e-12	
   3.5150000e-02	  -2.1149497e-12	
   3.5200000e-02	  -2.1538960e-12	
   3.5250000e-02	  -2.2148995e-12	
   3.5300000e-02	  -2.2435681e-12	
   3.5350000e-02	  -2.2819818e-12	
   3.5400000e-02	  -2.1469502e-12	
   3.5450000e-02	  -2.2023632e-12	
   3.5500000e-02	  -2.2970192e-12	
   3.5550000e-02	  -2.4557184e-12	
   3.5600000e-02	  -2.3152761e-12	
   3.5650000e-02	  -2.3673171e-12	
   3.5700000e-02	  -2.3384566e-12	
   3.5750000e-02	  -2.2745697e-12	
   3.5800000e-02	  -2.2349920e-12	
   3.5850000e-02	  -2.0832563e-12	
   3.5900000e-02	  -2.1422444e-12	
   3.5950000e-02	  -2.0809638e-12	
   3.6000000e-02	  -1.9200372e-12	
   3.6050000e-02	  -1.8290548e-12	
   3.6100000e-02	  -1.8227382e-12	
   3.6150000e-02	  -1.8676654e-12	
   3.6200000e-02	  -1.8759648e-12	
   3.6250000e-02	  -1.8946522e-12	
   3.6300000e-02	  -2.0573045e-12	
   3.6350000e-02	  -2.2197892e-12	
   3.6400000e-02	  -2.2716007e-12	
   3.6450000e-02	  -2.4779421e-12	
   3.6500000e-02	  -2.3846337e-12	
   3.6550000e-02	  -2.3111383e-12	
   3.6600000e-02	  -2.2689375e-12	
   3.6650000e-02	  -2.2489990e-12	
   3.6700000e-02	  -2.0406396e-12	
   3.6750000e-02	  -1.8647668e-12	
   3.6800000e-02	  -1.9198133e-12	
   3.6850000e-02	  -1.9548471e-12	
   3.6900000e-02	  -2.0072337e-12	
   3.6950000e-02	  -1.9532384e-12	
   3.7000000e-02	  -1.9563635e-12	
   3.7050000e-02	  -2.0175280e-12	
   3.7100000e-02	  -2.0449847e-12	
   3.7150000e-02	  -2.1747107e-12	
   3.7200000e-02	  -2.1685031e-12	
   3.7250000e-02	  -2.0269703e-12	
   3.7300000e-02	  -1.9733859e-12	
   3.7350000e-02	  -2.0788136e-12	
   3.7400000e-02	  -1.9611785e-12	
   3.7450000e-02	  -1.9789026e-12	
   3.7500000e-02	  -2.0359318e-12	
   3.7550000e-02	  -2.0403853e-12	
   3.7600000e-02	  -1.9995699e-12	
   3.7650000e-02	  -2.0926739e-12	
   3.7700000e-02	  -2.2567373e-12	
   3.7750000e-02	  -2.1996424e-12	
   3.7800000e-02	  -2.1566593e-12	
   3.7850000e-02	  -2.1167795e-12	
   3.7900000e-02	  -2.0988004e-12	
   3.7950000e-02	  -2.1387149e-12	
   3.8000000e-02	  -2.1752904e-12	
   3.8050000e-02	  -2.1056381e-12	
   3.8100000e-02	  -2.1463510e-12	
   3.8150000e-02	  -2.1434162e-12	
   3.8200000e-02	  -2.0425324e-12	
   3.8250000e-02	  -2.0688393e-12	
   3.8300000e-02	  -1.9637609e-12	
   3.8350000e-02	  -1.8493204e-12	
   3.8400000e-02	  -1.6929687e-12	
   3.8450000e-02	  -1.7554194e-12	
   3.8500000e-02	  -1.7156022e-12	
   3.8550000e-02	  -1.6325188e-12	
   3.8600000e-02	  -1.4966762e-12	
   3.8650000e-02	  -1.5355909e-12	
   3.8700000e-02	  -1.6060259e-12	
   3.8750000e-02	  -1.7072202e-12	
   3.8800000e-02	  -1.6664636e-12	
   3.8850000e-02	  -1.6419269e-12	
   3.8900000e-02	  -1.6991988e-12	
   3.8950000e-02	  -1.8247515e-12	
   3.9000000e-02	  -1.8178906e-12	
   3.9050000e-02	  -1.6131001e-12	
   3.9100000e-02	  -1.5890484e-12	
   3.9150000e-02	  -1.5714943e-12	
   3.9200000e-02	  -1.5811870e-12	
   3.9250000e-02	  -1.7032183e-12	
   3.9300000e-02	  -1.7659217e-12	
   3.9350000e-02	  -1.6997581e-12	
   3.9400000e-02	  -1.7231704e-12	
   3.9450000e-02	  -1.8929038e-12	
   3.9500000e-02	  -1.8823996e-12	
   3.9550000e-02	  -1.8202122e-12	
   3.9600000e-02	  -1.9724091e-12	
   3.9650000e-02	  -2.0166882e-12	
   3.9700000e-02	  -2.0755530e-12	
   3.9750000e-02	  -2.2000039e-12	
   3.9800000e-02	  -2.1382477e-12	
   3.9850000e-02	  -2.2470730e-12	
   3.9900000e-02	  -2.1133711e-12	
   3.9950000e-02	  -2.0615909e-12	
   4.0000000e-02	  -1.7827344e-12	
   4.0050000e-02	  -1.6131296e-12	
   4.0100000e-02	  -1.6752261e-12	
   4.0150000e-02	  -1.7394962e-12	
   4.0200000e-02	  -1.7043374e-12	
   4.0250000e-02	  -1.7079925e-12	
   4.0300000e-02	  -1.6564675e-12	
   4.0350000e-02	  -1.7836390e-12	
   4.0400000e-02	  -1.7296159e-12	
   4.0450000e-02	  -1.6407597e-12	
   4.0500000e-02	  -1.6204813e-12	
   4.0550000e-02	  -1.7168856e-12	
   4.0600000e-02	  -1.7231369e-12	
   4.0650000e-02	  -1.6057941e-12	
   4.0700000e-02	  -1.6629030e-12	
   4.0750000e-02	  -1.5638747e-12	
   4.0800000e-02	  -1.4874426e-12	
   4.0850000e-02	  -1.4109156e-12	
   4.0900000e-02	  -1.3192225e-12	
   4.0950000e-02	  -1.3110104e-12	
   4.1000000e-02	  -1.3319059e-12	
   4.1050000e-02	  -1.5211520e-12	
   4.1100000e-02	  -1.5725436e-12	
   4.1150000e-02	  -1.7098558e-12	
   4.1200000e-02	  -1.7803072e-12	
   4.1250000e-02	  -1.6590945e-12	
   4.1300000e-02	  -1.5627950e-12	
   4.1350000e-02	  -1.5796838e-12	
   4.1400000e-02	  -1.6807846e-12	
   4.1450000e-02	  -1.6668228e-12	
   4.1500000e-02	  -1.6263887e-12	
   4.1550000e-02	  -1.6629624e-12	
   4.1600000e-02	  -1.6667875e-12	
   4.1650000e-02	  -1.6022383e-12	
   4.1700000e-02	  -1.5877554e-12	
   4.1750000e-02	  -1.6331272e-12	
   4.1800000e-02	  -1.4968069e-12	
   4.1850000e-02	  -1.5215615e-12	
   4.1900000e-02	  -1.5252873e-12	
   4.1950000e-02	  -1.3530141e-12	
   4.2000000e-02	  -1.3274879e-12	
   4.2050000e-02	  -1.3006109e-12	
   4.2100000e-02	  -1.1028714e-12	
   4.2150000e-02	  -1.1501134e-12	
   4.2200000e-02	  -1.2461697e-12	
   4.2250000e-02	  -1.2200304e-12	
   4.2300000e-02	  -1.2607720e-12	
   4.2350000e-02	  -1.2609827e-12	
   4.2400000e-02	  -1.0710940e-12	
   4.2450000e-02	  -1.0582630e-12	
   4.2500000e-02	  -1.1581077e-12	
   4.2550000e-02	  -1.1989995e-12	
   4.2600000e-02	  -1.3311595e-12	
   4.2650000e-02	  -1.2982141e-12	
   4.2700000e-02	  -1.1830545e-12	
   4.2750000e-02	  -1.0589273e-12	
   4.2800000e-02	  -9.2255028e-13	
   4.2850000e-02	  -8.9426188e-13	
   4.2900000e-02	  -8.8922424e-13	
   4.2950000e-02	  -9.7916391e-13	
   4.3000000e-02	  -1.0530398e-12	
   4.3050000e-02	  -1.1499075e-12	
   4.3100000e-02	  -1.1126094e-12	
   4.3150000e-02	  -1.1468691e-12	
   4.3200000e-02	  -1.2889965e-12	
   4.3250000e-02	  -1.2861885e-12	
   4.3300000e-02	  -1.4117571e-12	
   4.3350000e-02	  -1.5684132e-12	
   4.3400000e-02	  -1.6002487e-12	
   4.3450000e-02	  -1.5272306e-12	
   4.3500000e-02	  -1.4440870e-12	
   4.3550000e-02	  -1.3249141e-12	
   4.3600000e-02	  -1.2102623e-12	
   4.3650000e-02	  -1.1930328e-12	
   4.3700000e-02	  -1.2393693e-12	
   4.3750000e-02	  -1.2524600e-12	
   4.3800000e-02	  -1.3313675e-12	
   4.3850000e-02	  -1.1752957e-12	
   4.3900000e-02	  -1.1466122e-12	
   4.3950000e-02	  -1.2495892e-12	
   4.4000000e-02	  -1.3002445e-12	
   4.4050000e-02	  -1.3034246e-12	
   4.4100000e-02	  -1.3324956e-12	
   4.4150000e-02	  -1.1211024e-12	
   4.4200000e-02	  -1.0750652e-12	
   4.4250000e-02	  -1.0767707e-12	
   4.4300000e-02	  -1.1122744e-12	
   4.4350000e-02	  -9.3817041e-13	
   4.4400000e-02	  -9.8822735e-13	
   4.4450000e-02	  -1.0022893e-12	
   4.4500000e-02	  -1.0280067e-12	
   4.4550000e-02	  -1.0286909e-12	
   4.4600000e-02	  -1.0019993e-12	
   4.4650000e-02	  -9.9466084e-13	
   4.4700000e-02	  -1.1097808e-12	
   4.4750000e-02	  -1.0467829e-12	
   4.4800000e-02	  -9.6199763e-13	
   4.4850000e-02	  -9.7053366e-13	
   4.4900000e-02	  -1.0930817e-12	
   4.4950000e-02	  -1.0880836e-12	
   4.5000000e-02	  -1.1347001e-12	
   4.5050000e-02	  -1.0712081e-12	
   4.5100000e-02	  -1.1703040e-12	
   4.5150000e-02	  -1.0727388e-12	
   4.5200000e-02	  -1.1140956e-12	
   4.5250000e-02	  -1.0055789e-12	
   4.5300000e-02	  -9.8056745e-13	
   4.5350000e-02	  -9.3289753e-13	
   4.5400000e-02	  -8.9373197e-13	
   4.5450000e-02	  -8.3823530e-13	
   4.5500000e-02	  -8.3598785e-13	
   4.5550000e-02	  -8.3000403e-13	
   4.5600000e-02	  -8.8005319e-13	
   4.5650000e-02	  -8.3525103e-13	
   4.5700000e-02	  -9.1337181e-13	
   4.5750000e-02	  -9.7446465e-13	
   4.5800000e-02	  -8.8128505e-13	
   4.5850000e-02	  -8.6658041e-13	
   4.5900000e-02	  -8.4358995e-13	
   4.5950000e-02	  -9.1490595e-13	
   4.6000000e-02	  -9.6549385e-13	
   4.6050000e-02	  -1.0130157e-12	
   4.6100000e-02	  -9.0423068e-13	
   4.6150000e-02	  -9.1662149e-13	
   4.6200000e-02	  -9.3545386e-13	
   4.6250000e-02	  -9.2795959e-13	
   4.6300000e-02	  -9.7742956e-13	
   4.6350000e-02	  -7.3780478e-13	
   4.6400000e-02	  -7.2368825e-13	
   4.6450000e-02	  -6.6054613e-13	
   4.6500000e-02	  -7.5740304e-13	
   4.6550000e-02	  -7.9303906e-13	
   4.6600000e-02	  -9.0786881e-13	
   4.6650000e-02	  -9.7525360e-13	
   4.6700000e-02	  -9.3100557e-13	
   4.6750000e-02	  -9.4441642e-13	
   4.6800000e-02	  -9.6549938e-13	
   4.6850000e-02	  -1.0408816e-12	
   4.6900000e-02	  -1.0688600e-12	
   4.6950000e-02	  -1.1148553e-12	
   4.7000000e-02	  -1.0818061e-12	
   4.7050000e-02	  -8.5003819e-13	
   4.7100000e-02	  -7.8849470e-13	
   4.7150000e-02	  -7.0541126e-13	
   4.7200000e-02	  -8.0943894e-13	
   4.7250000e-02	  -6.3885605e-13	
   4.7300000e-02	  -7.4897282e-13	
   4.7350000e-02	  -7.9029058e-13	
   4.7400000e-02	  -8.8832370e-13	
   4.7450000e-02	  -6.4272505e-13	
   4.7500000e-02	  -6.7109382e-13	
   4.7550000e-02	  -8.6133639e-13	
   4.7600000e-02	  -7.7934057e-13	
   4.7650000e-02	  -8.7477280e-13	
   4.7700000e-02	  -9.8309793e-13	
   4.7750000e-02	  -1.0773193e-12	
   4.7800000e-02	  -1.0914784e-12	
   4.7850000e-02	  -1.1180627e-12	
   4.7900000e-02	  -1.1909209e-12	
   4.7950000e-02	  -1.2494160e-12	
   4.8000000e-02	  -1.1227117e-12	
   4.8050000e-02	  -1.0485467e-12	
   4.8100000e-02	  -9.1563378e-13	
   4.8150000e-02	  -8.5771917e-13	
   4.8200000e-02	  -8.8565472e-13	
   4.8250000e-02	  -8.2190071e-13	
   4.8300000e-02	  -8.0680368e-13	
   4.8350000e-02	  -9.2617916e-13	
   4.8400000e-02	  -7.7031308e-13	
   4.8450000e-02	  -8.2230734e-13	
   4.8500000e-02	  -7.4543616e-13	
   4.8550000e-02	  -9.5271414e-13	
   4.8600000e-02	  -9.7053008e-13	
   4.8650000e-02	  -8.8450709e-13	
   4.8700000e-02	  -8.4187746e-13	
   4.8750000e-02	  -8.3968973e-13	
   4.8800000e-02	  -7.3679138e-13	
   4.8850000e-02	  -7.9585405e-13	
   4.8900000e-02	  -8.0510945e-13	
   4.8950000e-02	  -7.0191227e-13	
   4.9000000e-02	  -7.9762108e-13	
   4.9050000e-02	  -8.5443219e-13	
   4.9100000e-02	  -9.8356024e-13	
   4.9150000e-02	  -1.0573288e-12	
   4.9200000e-02	  -1.1054235e-12	
   4.9250000e-02	  -1.0326067e-12	
   4.9300000e-02	  -1.0641619e-12	
   4.9350000e-02	  -1.1646305e-12	
   4.9400000e-02	  -1.0315316e-12	
   4.9450000e-02	  -1.0097810e-12	
   4.9500000e-02	  -1.0180657e-12	
   4.9550000e-02	  -9.7617102e-13	
   4.9600000e-02	  -9.9629064e-13	
   4.9650000e-02	  -1.0750067e-12	
   4.9700000e-02	  -1.1335160e-12	
   4.9750000e-02	  -1.0843409e-12	
   4.9800000e-02	  -9.9254177e-13	
   4.9850000e-02	  -9.9225459e-13	
   4.9900000e-02	  -1.0149722e-12	
   4.9950000e-02	  -1.0984261e-12	
   5.0000000e-02	  -1.0996421e-12	
