  -2.2240805e-12	
  -1.5531743e-12	
  -9.6834457e-13	
  -5.9698112e-13	
  -2.7427501e-13	
   1.8243645e-13	
   2.6609776e-13	
   2.8520096e-13	
   3.2609254e-13	
   3.9469411e-13	
   8.7019275e-14	
   9.1023638e-14	
   2.0524489e-14	
  -2.4896383e-14	
   3.9252296e-14	
  -1.4446012e-14	
  -1.8660707e-13	
  -3.3909960e-13	
  -5.2690886e-13	
  -5.2429067e-13	
  -6.1510647e-13	
  -5.1473379e-13	
  -5.2922820e-13	
  -3.2263862e-13	
  -3.7848278e-13	
  -3.2757310e-13	
  -2.0029652e-13	
   1.6637155e-13	
  -6.4611417e-14	
   1.6194859e-13	
   2.7972268e-13	
   1.8024990e-13	
   6.0448360e-14	
   2.1730028e-13	
   2.5793010e-13	
   2.8519119e-13	
   3.1726681e-13	
   3.9778375e-13	
   5.3437081e-13	
   5.0568491e-13	
   4.5438621e-13	
   4.7370943e-13	
   3.8379455e-13	
   1.7408400e-13	
   1.6840113e-13	
   5.8950865e-14	
   2.7040774e-13	
   5.8588041e-13	
   6.2757144e-13	
   3.9729669e-13	
   2.6642749e-13	
   2.3413626e-13	
   4.2549711e-13	
   5.2515803e-13	
   3.1543919e-13	
   9.0567538e-14	
   3.6029279e-13	
   2.1302444e-13	
   4.1797805e-13	
   5.4170351e-13	
   6.5325866e-13	
   6.4659981e-13	
   6.5221823e-13	
   6.2902728e-13	
   6.8136741e-13	
   6.3426500e-13	
   2.9307946e-13	
   9.3386179e-14	
   1.8257426e-13	
   2.5055920e-13	
   4.1542722e-13	
   3.6744642e-13	
   3.6961445e-14	
  -2.7095580e-13	
  -2.6319238e-13	
  -3.5237003e-13	
  -4.5206350e-13	
  -5.9464305e-13	
  -5.8304191e-13	
  -4.9845205e-13	
  -4.9904370e-13	
  -4.5838883e-13	
  -2.7894798e-13	
  -9.2213608e-14	
   4.3317998e-14	
   3.3556202e-13	
   4.5798472e-13	
   4.2064995e-13	
   9.8520402e-14	
  -1.7145231e-13	
  -1.9755515e-13	
  -2.3457265e-13	
  -1.6390998e-13	
  -1.2363375e-13	
  -8.9596147e-14	
  -1.2759744e-13	
  -1.8820332e-13	
  -3.1004786e-14	
   9.2722605e-14	
   1.2813730e-13	
   5.0692138e-14	
   1.5329648e-13	
   1.1432005e-13	
   3.8333775e-14	
  -9.7147791e-14	
  -3.3693960e-13	
  -2.6622500e-13	
  -3.7027569e-13	
  -2.6937236e-13	
  -1.5077120e-13	
  -2.3256490e-13	
  -1.2601215e-13	
  -3.6855291e-14	
  -8.7940883e-14	
  -1.1208107e-13	
   2.2268517e-14	
   1.8824922e-13	
   9.3249759e-14	
  -1.4452566e-13	
  -3.1561440e-13	
  -1.6026288e-13	
  -2.5285226e-13	
  -3.5530074e-13	
  -4.2470672e-13	
  -5.6465903e-13	
  -4.2912363e-13	
  -5.2149142e-13	
  -4.8406681e-13	
  -4.2435623e-13	
  -4.4115373e-13	
  -5.1915425e-13	
  -4.7632962e-13	
  -5.0183486e-13	
  -4.6922382e-13	
  -4.0303542e-13	
  -3.5110560e-13	
  -2.1285300e-13	
  -2.2880636e-13	
  -3.2841116e-13	
  -3.1626088e-13	
  -3.7028986e-13	
  -5.5458548e-13	
  -6.4549402e-13	
  -6.2126436e-13	
  -5.4351803e-13	
  -6.2128748e-13	
  -5.4554867e-13	
  -5.1449440e-13	
  -5.1350743e-13	
  -4.0014002e-13	
  -3.7490019e-13	
  -2.9783839e-13	
  -2.6139844e-13	
  -1.7341532e-13	
  -3.8475886e-13	
  -7.1712970e-13	
  -6.7552091e-13	
  -5.3453202e-13	
  -4.1329919e-13	
  -3.3639567e-13	
  -3.9083247e-13	
  -5.1890420e-13	
  -6.2844599e-13	
  -4.6341257e-13	
  -3.6431087e-13	
  -2.9986573e-13	
  -1.6536180e-13	
  -2.3883999e-13	
  -2.6735900e-13	
  -7.3301460e-14	
   9.5961909e-14	
   9.6346737e-14	
   7.2939020e-14	
  -2.5451454e-14	
  -6.8867627e-14	
  -1.9271749e-14	
  -2.5489657e-14	
  -1.0081784e-14	
  -7.2288680e-14	
  -2.0093672e-13	
  -2.8836420e-13	
  -1.9078263e-13	
  -1.3550189e-13	
  -1.6304412e-13	
  -1.7795149e-13	
  -4.5802665e-14	
  -1.8624685e-13	
  -1.3973030e-13	
  -7.6075327e-14	
  -7.4824667e-14	
  -8.6734709e-14	
   7.2241462e-14	
   2.4336463e-13	
   3.0894251e-13	
   1.3807366e-13	
  -3.0582225e-14	
  -1.6307146e-13	
  -1.8049468e-13	
  -6.2456359e-14	
  -7.6765994e-14	
  -2.3519179e-14	
  -4.9981850e-14	
  -4.2997452e-14	
  -6.7683105e-14	
  -6.2319429e-14	
  -1.4214913e-13	
  -2.6071880e-13	
  -2.6971594e-13	
  -2.1126246e-13	
  -2.0692922e-13	
  -1.3113171e-13	
  -2.8652055e-14	
   1.4509134e-13	
   2.5528417e-13	
   2.9733351e-13	
   2.8356044e-13	
   3.2630063e-13	
   2.8450893e-13	
   1.4275577e-13	
   7.0614476e-14	
   1.2225676e-13	
   3.2583322e-13	
   2.5707348e-13	
   2.5604066e-13	
   1.9378967e-13	
   1.3978294e-13	
  -1.0602599e-17	
  -2.1802445e-14	
  -1.3227651e-13	
  -6.0788868e-14	
  -1.4359665e-13	
  -1.8079964e-13	
  -1.6426371e-13	
  -8.4851938e-14	
  -1.9491109e-14	
   6.2554061e-14	
   3.2563246e-14	
   8.7223846e-14	
   6.1815271e-14	
   2.2847121e-13	
   4.3721430e-13	
   6.1661455e-13	
   7.9758621e-13	
   6.5710878e-13	
   6.3228295e-13	
   4.2077361e-13	
   2.3082946e-13	
   2.4338827e-13	
   1.6460987e-13	
   1.8779403e-13	
   2.8952007e-13	
   3.8150677e-13	
   4.5500648e-13	
   4.3443357e-13	
   3.3370120e-13	
   3.8673214e-13	
   4.1012078e-13	
   5.3939628e-13	
   5.1223036e-13	
   3.0374731e-13	
   2.8112751e-13	
   1.9842959e-13	
   1.7833053e-13	
   3.7357439e-13	
   3.9032287e-13	
   4.2198756e-13	
   3.4510418e-13	
   3.2368441e-13	
   4.1565895e-13	
   3.1507934e-13	
   3.4807593e-13	
   4.1384430e-13	
   4.1400281e-13	
   3.7937618e-13	
   2.8000375e-13	
   2.1753518e-13	
   2.3190076e-13	
   2.7913467e-13	
   3.8484422e-13	
   3.1978845e-13	
   2.8067887e-13	
   2.8704286e-13	
   1.8451166e-13	
   1.7102609e-14	
   1.8486205e-13	
  -3.6695461e-14	
   1.8705148e-13	
   2.2120775e-13	
   2.2308538e-13	
   1.3615520e-13	
   1.4061260e-13	
   1.3151933e-13	
   2.2723292e-13	
   2.1059794e-13	
   2.6244281e-13	
   2.3787258e-13	
   1.9546229e-13	
   1.9938754e-13	
   1.8258990e-13	
   2.3614777e-13	
   2.7138954e-13	
   8.8399270e-14	
   1.8991682e-13	
   3.0881488e-13	
   1.5292295e-13	
   4.8179475e-14	
   2.5362596e-14	
   1.4551548e-13	
   2.7957269e-13	
   2.8278990e-13	
   2.7232954e-13	
   3.4943500e-13	
   3.5354416e-13	
   2.3262200e-13	
   1.6536266e-13	
   9.7259659e-14	
   8.5663817e-14	
   1.4559288e-13	
   1.2857034e-13	
   9.6037358e-14	
  -3.8963096e-14	
  -7.3175122e-14	
  -1.1322034e-13	
   3.6695914e-14	
   5.5071195e-14	
   3.1697730e-14	
   1.1076545e-13	
   9.4035896e-14	
   8.0870810e-14	
   1.2050789e-13	
   2.1060675e-13	
   1.2351816e-13	
   3.9254394e-14	
   6.3363973e-14	
   1.5961745e-14	
  -3.5077166e-15	
   8.6323825e-14	
   6.3193831e-14	
   1.4539578e-13	
   1.4497088e-13	
   2.3700547e-13	
   2.3398920e-13	
   2.4709130e-13	
   1.2595694e-13	
   7.9398611e-14	
   1.3637745e-13	
   6.1373215e-14	
   1.3947243e-13	
   8.3843308e-14	
   1.2462355e-13	
   3.5450355e-13	
   2.7319901e-13	
   2.8533431e-13	
   2.4631210e-13	
   2.0165727e-13	
   2.5668690e-13	
   6.5998188e-14	
   1.0543999e-13	
   6.8253307e-14	
   1.3717600e-14	
  -2.5384045e-14	
  -1.1071637e-13	
   2.2839555e-14	
   3.4290137e-14	
  -3.9293249e-14	
   9.1610977e-14	
  -4.8449824e-15	
   2.7333597e-13	
   1.8930544e-13	
   1.3835786e-13	
   1.0079992e-13	
   1.3007264e-13	
   1.1137834e-13	
  -8.1232657e-14	
  -2.5077299e-13	
  -5.1827736e-14	
   4.1476576e-15	
   7.4337573e-14	
  -6.0757555e-14	
  -1.0405212e-14	
   7.1139698e-14	
   3.9165907e-14	
   3.1847868e-14	
  -1.6557412e-14	
   3.8282954e-14	
  -4.1770103e-14	
  -1.0028838e-13	
  -1.6560502e-13	
  -2.7439716e-13	
  -2.7017864e-13	
  -2.0596554e-13	
  -1.8711195e-13	
  -1.6951990e-13	
  -1.5170777e-13	
  -2.1587954e-13	
  -1.4375078e-13	
  -7.6409113e-14	
  -6.9250838e-14	
  -2.0499208e-13	
  -2.1534037e-13	
  -1.5056062e-13	
  -9.7825115e-14	
  -6.8883931e-14	
  -4.2830460e-14	
  -1.0905436e-13	
  -1.7365823e-13	
  -4.7493981e-14	
  -5.0401371e-14	
  -1.1485855e-13	
  -6.6920038e-14	
   3.7004547e-14	
  -1.3620078e-13	
  -1.1620677e-13	
  -2.3668457e-13	
  -3.0219527e-13	
  -3.2174459e-13	
  -3.8751215e-13	
  -3.0753193e-13	
  -3.8756783e-13	
  -4.7855758e-13	
  -4.5145608e-13	
  -4.4257674e-13	
  -3.9185243e-13	
  -3.8102804e-13	
  -4.1542742e-13	
  -2.4586278e-13	
  -2.7140002e-13	
  -2.0296994e-13	
  -1.4083382e-13	
  -2.7075885e-13	
  -3.1856678e-13	
  -3.5212703e-13	
  -3.1588413e-13	
  -4.7463802e-13	
  -5.2206547e-13	
  -6.0532409e-13	
