NaN
2.4612
0.0085
0.91205
0.34915
0.07145
0.3821
1.6669
3.1446
1.8016
0.102
0.12605
0.118
0.0411
0.02035
0.0414
0.11335
0.09345
0.0154
0.0493
0.1169
0.01375
0.0381
0.3415
0.06785
0.14055
0.267
2.4508
1.3922
0.2597
0.81095
2.6744
1.0325
1.597
0.10935
0.0853
3.7243
0.7755
0.0223
0.37055
NaN
0.402
5.428
1.3836
0.07385
0.24315
2.238
1.4262
0.89155
0.895
1.6874
0.4328
0.0554
5.0015
0.3419
NaN
0.17185
2.6125
0.2791
0.3213
1.0806
0.0166
0.7607
1.4004
0.7977
0.483
0.076
0.14035
0.87625
0.102
0.33545
1.3768
0.4745
0.29335
0.32585
0.35725
3.0831
1.2073
1.1312
0.7845
1.1847
0.1016
0.0846
1.3584
0.6903
2.2592
3.6523
0.25115
0.00185
NaN
1.2274
6.2724
1.7045
0.0164
0.7405
1.4605
1.6561
0.4674
0.46975
0.8596
2.1186
0.6279
1.5079
0.88955
0.81215
0.3655
0.02615
0.03585
2.6526
0.77395
0.43985
0.3225
