5.6355e-12
5.7145e-12
5.5061e-12
1.0831e-11
8.603e-12
7.1122e-12
5.3253e-12
6.182e-12
2.3632e-11
1.2878e-11
1.085e-11
1.4025e-11
1.2134e-11
1.0759e-11
1.3961e-11
1.3785e-11
8.0206e-12
8.5152e-12
2.5427e-11
9.6057e-12
1.331e-11
1.2353e-11
1.3359e-11
9.9712e-12
7.1842e-12
7.8442e-12
1.2367e-11
5.4995e-12
1.3176e-11
2.46e-11
8.4687e-12
2.1729e-11
2.0013e-11
2.2968e-11
2.8064e-11
2.0238e-11
2.0503e-12
2.5762e-11
1.5817e-11
2.5015e-11
2.4799e-11
2.6225e-11
1.6918e-11
1.5786e-11
2.5567e-11
1.3189e-11
8.1048e-12
2.1988e-11
8.6893e-12
4.435e-12
7.4403e-12
3.5285e-12
2.6586e-11
1.6652e-11
6.0712e-12
7.2563e-12
1.5865e-11
7.2662e-12
2.1985e-11
1.0392e-11
1.5467e-12
1.3184e-11
1.3973e-11
5.6818e-12
7.828e-12
7.4687e-12
8.0939e-12
6.4684e-12
6.6254e-12
7.7941e-12
6.9899e-12
5.7065e-12
4.4007e-12
6.5498e-12
6.6228e-12
5.9293e-12
6.8921e-12
7.8467e-12
1.8935e-11
1.9302e-11
5.7438e-12
4.8563e-12
6.2461e-12
7.9177e-12
1.1714e-11
1.1272e-11
2.5002e-11
1.2532e-11
1.2104e-11
4.966e-12
1.5967e-12
1.4049e-11
1.871e-11
2.4127e-11
3.938e-12
1.6918e-11
2.4537e-11
1.5767e-11
7.0448e-12
2.3459e-11
1.6705e-11
8.5554e-12
2.4463e-11
2.6466e-11
2.6223e-11
1.6793e-11
2.088e-11
1.081e-11
2.4604e-11
7.1678e-12
5.4069e-12
1.3916e-12
