  -2.5228396e-12	
  -2.1676624e-12	
  -1.8462161e-12	
  -1.3019013e-12	
  -1.2849403e-12	
  -9.9101048e-13	
  -9.4623692e-13	
  -6.7996536e-13	
  -4.5655936e-13	
  -3.2830014e-13	
  -3.6238725e-13	
  -4.9246443e-13	
  -4.4054400e-13	
  -2.3436690e-13	
  -2.2134934e-13	
  -1.4070016e-13	
   4.4048642e-15	
   6.9293514e-14	
  -1.0136268e-13	
  -3.8158036e-15	
  -9.7303054e-14	
  -1.1850298e-14	
   2.1205097e-13	
   3.9442767e-13	
   5.1227505e-13	
   4.1621131e-13	
   1.6835089e-13	
   9.8157471e-14	
   8.7260203e-14	
   1.2994734e-13	
   1.8964301e-13	
   4.6878714e-13	
   3.6575399e-13	
   1.9208339e-13	
   1.9300002e-13	
   1.8435606e-13	
   3.0146434e-13	
   2.7363255e-13	
   1.6887557e-13	
   2.0695278e-13	
   1.0778157e-13	
   2.2724990e-13	
   4.5010392e-13	
   5.5962639e-13	
   5.4780524e-13	
   4.9459907e-13	
   3.4321803e-13	
   2.9107978e-13	
   2.0713295e-13	
  -8.0077446e-14	
  -7.8181758e-14	
  -1.6220121e-13	
   1.0912247e-13	
   2.2508363e-13	
   3.3111496e-13	
   4.5870261e-13	
   4.6476798e-13	
   3.6224685e-13	
   4.4513289e-13	
   1.6034558e-13	
  -4.7738885e-15	
   1.1229424e-14	
  -2.4021430e-13	
  -2.8363049e-13	
  -3.1190533e-14	
   2.8977560e-13	
   3.3240858e-13	
   5.1437133e-13	
   7.2498000e-13	
   6.7111863e-13	
   1.9983139e-13	
  -3.3797183e-14	
  -1.6093033e-14	
   2.1490646e-13	
   5.7714093e-13	
   7.7506392e-13	
   8.6483626e-13	
   4.9363908e-13	
   7.4375759e-13	
   5.6359832e-13	
   5.0154795e-13	
   2.6025021e-13	
   2.3501244e-13	
   1.1349221e-13	
   5.6496585e-14	
   8.5770203e-14	
   2.1064634e-13	
   2.0589309e-13	
   6.6460990e-14	
   3.9592443e-13	
  -1.0382612e-13	
  -5.2893923e-13	
  -7.0604468e-13	
  -8.1373475e-13	
  -7.7353920e-13	
  -6.2595157e-13	
  -4.8288272e-13	
  -6.1225129e-13	
  -7.3410687e-13	
  -7.9024040e-13	
  -4.3298687e-13	
  -3.8280134e-13	
  -3.6246016e-13	
  -2.1464771e-13	
  -2.9870190e-13	
  -2.7105738e-13	
  -2.4793026e-13	
  -1.1782200e-13	
   6.9232563e-14	
  -6.8640967e-14	
  -3.2609404e-13	
  -6.3888977e-13	
  -8.1156981e-13	
  -6.8034844e-13	
  -7.2123173e-13	
  -4.3164117e-13	
  -4.0219989e-13	
  -6.4080143e-13	
  -5.7251314e-13	
  -4.9930353e-13	
  -4.9281749e-13	
  -6.7163030e-13	
  -4.1945123e-13	
  -3.2209355e-13	
  -2.4353913e-13	
  -3.1733937e-13	
  -1.6007488e-13	
  -3.7406130e-13	
  -6.0153554e-13	
  -5.2742141e-13	
  -4.3699412e-13	
  -4.4662549e-13	
  -4.7359792e-13	
  -3.1655226e-13	
  -2.2510528e-13	
  -1.1234522e-13	
  -3.5207024e-13	
  -2.8533149e-13	
  -2.3434390e-13	
  -1.3639934e-13	
  -1.1158881e-13	
  -1.3562482e-13	
  -2.8882337e-14	
  -2.0125540e-14	
   1.0223828e-14	
  -1.0125457e-13	
  -5.7748549e-14	
  -2.1907565e-13	
  -1.4307691e-13	
  -2.5480592e-13	
  -3.9401138e-13	
  -2.5816606e-13	
  -2.8962219e-13	
  -3.2945600e-13	
  -2.4880404e-13	
  -2.6327600e-13	
  -2.4247592e-13	
  -4.0718928e-13	
  -5.2344534e-13	
  -3.1889780e-13	
  -1.5922399e-13	
  -3.4544254e-13	
  -8.4997792e-14	
  -4.8578076e-14	
  -1.4398763e-13	
  -3.0336606e-13	
  -2.3465936e-13	
  -1.5969392e-13	
  -1.6375344e-13	
  -8.9460284e-14	
  -2.2536633e-13	
  -2.2084163e-13	
  -6.7068943e-14	
   1.0568087e-13	
   1.9690201e-13	
   2.6124319e-13	
   1.8968078e-13	
   2.7387336e-13	
   3.8836609e-13	
   4.4626317e-13	
   4.0018847e-13	
   2.1449360e-13	
   8.2088204e-14	
  -1.3021481e-14	
  -1.8650513e-13	
  -2.6759998e-13	
  -4.0158147e-13	
  -3.9902142e-13	
  -4.8066375e-13	
  -4.1094098e-13	
  -3.1912268e-13	
  -1.4066492e-13	
  -9.7771831e-14	
  -1.0307832e-13	
   3.3467818e-15	
  -5.6688189e-14	
  -2.7147071e-14	
  -2.2153117e-14	
   9.2374877e-14	
  -3.0794923e-14	
  -5.3468269e-14	
  -6.2392647e-14	
  -2.4231923e-13	
  -3.5181675e-13	
  -5.4412573e-14	
   5.3213155e-14	
   8.9513213e-14	
   3.8593776e-15	
  -3.0727344e-14	
  -4.4428848e-14	
  -1.5834215e-13	
  -2.0625936e-13	
  -2.7059619e-13	
  -7.2464486e-14	
  -8.9108047e-14	
  -2.3024531e-14	
   1.2392816e-13	
   1.9966799e-13	
   2.4533875e-13	
   3.0652621e-13	
   1.3291870e-13	
   1.6944128e-15	
   6.4818975e-14	
  -9.7614867e-15	
  -7.5513840e-14	
  -2.1666271e-14	
   2.8944980e-14	
   6.3113865e-14	
   3.1052989e-13	
   4.7555819e-13	
   3.2801895e-13	
   2.7106231e-13	
   8.8927034e-14	
   4.7638601e-14	
  -3.4070765e-14	
  -7.4546901e-14	
  -1.4892266e-13	
   2.7387399e-15	
  -1.8631184e-14	
   3.2170355e-14	
   2.1351733e-15	
   1.1960992e-13	
   1.7687515e-13	
   2.7092902e-13	
   3.5508927e-13	
   1.6819398e-13	
   2.1551368e-13	
   2.9169034e-13	
   3.4278758e-13	
   2.4387397e-13	
   3.4431586e-13	
   4.9084783e-13	
   3.9006291e-13	
   3.5471923e-13	
   3.8983518e-13	
   4.5318915e-13	
   5.7906958e-13	
   5.5423624e-13	
   4.7441323e-13	
   2.9939014e-13	
   1.0248775e-13	
   1.7649623e-13	
   2.3093404e-13	
   3.1539171e-13	
   3.8712366e-13	
   5.4233830e-13	
   5.8046557e-13	
   4.9216601e-13	
   5.4237068e-13	
   4.6117547e-13	
   4.2825837e-13	
   3.3553464e-13	
   1.4453372e-13	
   6.2811091e-14	
  -3.3381365e-14	
   1.6936484e-13	
   1.6914402e-13	
   1.3336513e-13	
   2.1527931e-13	
   3.8536156e-13	
   2.6470953e-13	
   1.5473747e-13	
   1.1211940e-13	
   1.2942561e-13	
   1.5314135e-13	
   2.7181701e-13	
   2.4814323e-13	
   2.1063453e-13	
   4.1671774e-13	
   4.5451980e-13	
   3.6743129e-13	
   5.2819088e-13	
   4.6354491e-13	
   3.9161031e-13	
   4.2998893e-13	
   5.5399571e-13	
   5.2276241e-13	
   5.2390660e-13	
   4.9440345e-13	
   4.8726587e-13	
   5.0656781e-13	
   6.4630763e-13	
   7.1180140e-13	
   6.3316575e-13	
   6.4122081e-13	
   6.1751463e-13	
   6.7591121e-13	
   6.9783214e-13	
   6.1235736e-13	
   5.7413849e-13	
   4.8783235e-13	
   4.5086349e-13	
   4.4484412e-13	
   4.0811055e-13	
   3.3650737e-13	
   3.2961518e-13	
   1.6677153e-13	
   1.2678292e-13	
   1.5752611e-13	
   2.2406248e-13	
   1.8089754e-13	
   1.8617000e-13	
   1.6734436e-13	
   1.1151126e-13	
   7.6125173e-15	
  -1.2806843e-13	
  -1.1066707e-13	
  -5.6153753e-14	
   7.2620656e-14	
   1.3392689e-13	
   1.4768114e-13	
   1.0091702e-13	
   5.3091579e-14	
   1.5080045e-14	
   4.7977258e-14	
  -1.8991603e-14	
  -1.4508159e-13	
  -1.9916983e-13	
  -3.8008102e-14	
  -1.5323058e-14	
   2.0075179e-14	
   5.3183045e-14	
  -5.1505281e-15	
  -1.6654140e-14	
   3.7125611e-14	
   3.5420376e-14	
  -7.0407954e-14	
  -3.4127484e-14	
   6.1230902e-15	
  -4.0528863e-14	
   3.7024303e-17	
  -2.0591052e-14	
  -1.8880289e-13	
  -3.0232294e-13	
  -1.8712561e-13	
  -1.5846665e-13	
  -2.0333232e-13	
  -2.6908548e-13	
  -2.5349694e-13	
  -1.7286987e-13	
  -1.3749302e-13	
  -1.1075517e-13	
  -2.1849730e-13	
  -2.1851861e-13	
  -1.6359180e-13	
   3.0075047e-14	
   1.2814903e-14	
   6.0092423e-14	
   2.9935286e-13	
   1.4896240e-13	
   5.0466840e-14	
   1.2528413e-13	
   6.2495343e-14	
   1.4868152e-14	
  -7.4434673e-14	
  -6.4823651e-14	
  -1.4185292e-13	
  -2.7168138e-13	
  -3.2416247e-13	
  -3.2355861e-13	
  -3.4327736e-13	
  -1.0311644e-13	
   1.8358678e-14	
   9.4408608e-14	
   8.3004299e-14	
   8.6817051e-15	
  -1.9514374e-13	
  -1.8113589e-13	
  -6.3539720e-14	
  -1.0042755e-13	
  -6.1860879e-15	
  -5.9253558e-15	
   1.3574202e-13	
  -4.1512320e-15	
  -1.8097677e-13	
  -1.4570609e-13	
  -1.5078133e-13	
  -6.6523395e-14	
  -8.0519278e-14	
  -1.9625453e-13	
  -8.9643622e-14	
  -5.9492291e-14	
  -1.5672622e-13	
  -2.4894031e-13	
  -2.7115366e-13	
  -2.8792933e-13	
  -2.9221218e-13	
  -3.3453101e-13	
  -5.2030394e-13	
  -5.1073366e-13	
  -4.6479049e-13	
  -4.5101427e-13	
  -4.1708904e-13	
  -3.8971781e-13	
  -4.0683007e-13	
  -3.5888660e-13	
  -3.6052105e-13	
  -4.7555609e-13	
  -4.9630079e-13	
  -5.5440196e-13	
  -4.6426805e-13	
  -5.0687769e-13	
  -2.4880709e-13	
  -1.8492464e-13	
  -2.2491796e-13	
  -1.9810306e-13	
  -2.4847333e-13	
  -2.4580489e-13	
  -1.9039727e-13	
  -3.5706914e-13	
  -3.9246419e-13	
  -5.5738791e-13	
  -5.0169746e-13	
  -4.6697260e-13	
  -5.4558738e-13	
  -4.6277613e-13	
