3.0243e-11
2.9758e-11
9.8123e-11
8.6361e-11
3.2273e-11
4.1128e-11
3.2854e-11
2.6561e-11
3.9673e-11
2.4949e-11
2.7785e-11
2.3469e-11
4.2975e-11
4.4706e-11
1.659e-11
3.2534e-11
2.2019e-11
4.1369e-11
4.9992e-11
4.3194e-11
3.8338e-11
3.4036e-11
2.8013e-11
3.4488e-11
2.1422e-11
8.4155e-11
3.1899e-11
2.6296e-11
1.4915e-11
1.72e-10
1.6218e-11
2.5951e-11
2.9311e-11
3.9067e-11
8.2852e-11
1.9066e-11
4.1254e-11
4.6086e-11
3.3795e-11
4.6059e-11
3.7348e-11
2.3839e-11
4.5263e-11
3.238e-11
2.9726e-11
3.818e-11
4.3135e-11
5.1637e-11
3.3155e-11
9.8396e-11
1.8353e-11
2.7488e-11
6.9245e-11
2.8953e-11
1.0676e-10
2.3511e-11
