   0.0000000e+00	  -1.1013343e-12	
   5.0000000e-05	  -1.0411773e-12	
   1.0000000e-04	  -9.9197929e-13	
   1.5000000e-04	  -1.0058960e-12	
   2.0000000e-04	  -1.1071667e-12	
   2.5000000e-04	  -9.4834926e-13	
   3.0000000e-04	  -9.1565058e-13	
   3.5000000e-04	  -1.1790115e-12	
   4.0000000e-04	  -8.9043856e-13	
   4.5000000e-04	  -7.2451573e-13	
   5.0000000e-04	  -6.7085682e-13	
   5.5000000e-04	  -7.1905302e-13	
   6.0000000e-04	  -8.8117588e-13	
   6.5000000e-04	  -8.2273262e-13	
   7.0000000e-04	  -8.5572744e-13	
   7.5000000e-04	  -9.3182032e-13	
   8.0000000e-04	  -8.6796217e-13	
   8.5000000e-04	  -8.5201683e-13	
   9.0000000e-04	  -9.2498665e-13	
   9.5000000e-04	  -8.4244157e-13	
   1.0000000e-03	  -7.4052309e-13	
   1.0500000e-03	  -7.1233617e-13	
   1.1000000e-03	  -6.6959567e-13	
   1.1500000e-03	  -5.5829581e-13	
   1.2000000e-03	  -5.5909921e-13	
   1.2500000e-03	  -5.5128406e-13	
   1.3000000e-03	  -5.9876171e-13	
   1.3500000e-03	  -4.6579591e-13	
   1.4000000e-03	  -5.8905187e-13	
   1.4500000e-03	  -5.7730025e-13	
   1.5000000e-03	  -5.0825251e-13	
   1.5500000e-03	  -6.1302981e-13	
   1.6000000e-03	  -4.4522220e-13	
   1.6500000e-03	  -4.0855709e-13	
   1.7000000e-03	  -4.4158232e-13	
   1.7500000e-03	  -4.4362130e-13	
   1.8000000e-03	  -5.2615773e-13	
   1.8500000e-03	  -6.3046378e-13	
   1.9000000e-03	  -6.4547022e-13	
   1.9500000e-03	  -7.9863915e-13	
   2.0000000e-03	  -7.6554540e-13	
   2.0500000e-03	  -7.2911306e-13	
   2.1000000e-03	  -9.0398804e-13	
   2.1500000e-03	  -9.5217649e-13	
   2.2000000e-03	  -8.1879837e-13	
   2.2500000e-03	  -8.0685494e-13	
   2.3000000e-03	  -8.0255247e-13	
   2.3500000e-03	  -6.4372574e-13	
   2.4000000e-03	  -6.3855269e-13	
   2.4500000e-03	  -5.6278219e-13	
   2.5000000e-03	  -7.2276408e-13	
   2.5500000e-03	  -7.0698739e-13	
   2.6000000e-03	  -6.4929789e-13	
   2.6500000e-03	  -7.1443806e-13	
   2.7000000e-03	  -7.9080210e-13	
   2.7500000e-03	  -8.1704110e-13	
   2.8000000e-03	  -7.3373729e-13	
   2.8500000e-03	  -6.7870015e-13	
   2.9000000e-03	  -6.8359065e-13	
   2.9500000e-03	  -4.8790832e-13	
   3.0000000e-03	  -4.2274799e-13	
   3.0500000e-03	  -2.8696674e-13	
   3.1000000e-03	  -2.9459952e-13	
   3.1500000e-03	  -3.4025853e-13	
   3.2000000e-03	  -3.5268316e-13	
   3.2500000e-03	  -3.2037567e-13	
   3.3000000e-03	  -4.2084744e-13	
   3.3500000e-03	  -5.6434376e-13	
   3.4000000e-03	  -7.6003128e-13	
   3.4500000e-03	  -7.2272765e-13	
   3.5000000e-03	  -4.7463964e-13	
   3.5500000e-03	  -4.1355808e-13	
   3.6000000e-03	  -4.5260171e-13	
   3.6500000e-03	  -6.0643775e-13	
   3.7000000e-03	  -7.0314403e-13	
   3.7500000e-03	  -8.3291945e-13	
   3.8000000e-03	  -8.1313938e-13	
   3.8500000e-03	  -7.5214162e-13	
   3.9000000e-03	  -6.5609643e-13	
   3.9500000e-03	  -6.1841726e-13	
   4.0000000e-03	  -5.6718887e-13	
   4.0500000e-03	  -6.0232559e-13	
   4.1000000e-03	  -6.5239217e-13	
   4.1500000e-03	  -6.7791779e-13	
   4.2000000e-03	  -6.1163227e-13	
   4.2500000e-03	  -6.2234723e-13	
   4.3000000e-03	  -6.5334088e-13	
   4.3500000e-03	  -7.4503945e-13	
   4.4000000e-03	  -7.7123290e-13	
   4.4500000e-03	  -7.6705602e-13	
   4.5000000e-03	  -7.6133696e-13	
   4.5500000e-03	  -7.3685892e-13	
   4.6000000e-03	  -6.7328304e-13	
   4.6500000e-03	  -7.0924733e-13	
   4.7000000e-03	  -9.1130770e-13	
   4.7500000e-03	  -9.7713526e-13	
   4.8000000e-03	  -9.4935605e-13	
   4.8500000e-03	  -9.4827108e-13	
   4.9000000e-03	  -7.5101991e-13	
   4.9500000e-03	  -5.9089799e-13	
   5.0000000e-03	  -4.2774139e-13	
   5.0500000e-03	  -3.5661318e-13	
   5.1000000e-03	  -4.6619972e-13	
   5.1500000e-03	  -5.4515897e-13	
   5.2000000e-03	  -4.9418130e-13	
   5.2500000e-03	  -7.1337684e-13	
   5.3000000e-03	  -7.6439115e-13	
   5.3500000e-03	  -6.5242516e-13	
   5.4000000e-03	  -6.8896971e-13	
   5.4500000e-03	  -6.6479136e-13	
   5.5000000e-03	  -7.3262598e-13	
   5.5500000e-03	  -7.2613248e-13	
   5.6000000e-03	  -6.1530620e-13	
   5.6500000e-03	  -6.5105538e-13	
   5.7000000e-03	  -6.0262581e-13	
   5.7500000e-03	  -6.6953084e-13	
   5.8000000e-03	  -6.9447508e-13	
   5.8500000e-03	  -6.8264209e-13	
   5.9000000e-03	  -6.6105639e-13	
   5.9500000e-03	  -6.9814814e-13	
   6.0000000e-03	  -6.2233855e-13	
   6.0500000e-03	  -6.9954828e-13	
   6.1000000e-03	  -6.5680404e-13	
   6.1500000e-03	  -6.7551628e-13	
   6.2000000e-03	  -7.7352447e-13	
   6.2500000e-03	  -7.8678752e-13	
   6.3000000e-03	  -7.6711641e-13	
   6.3500000e-03	  -7.9470935e-13	
   6.4000000e-03	  -7.4317798e-13	
   6.4500000e-03	  -8.1591960e-13	
   6.5000000e-03	  -7.8793482e-13	
   6.5500000e-03	  -7.5279930e-13	
   6.6000000e-03	  -8.1525823e-13	
   6.6500000e-03	  -7.3891782e-13	
   6.7000000e-03	  -6.6246379e-13	
   6.7500000e-03	  -6.1217069e-13	
   6.8000000e-03	  -5.5648108e-13	
   6.8500000e-03	  -5.6103689e-13	
   6.9000000e-03	  -5.6899721e-13	
   6.9500000e-03	  -6.0590660e-13	
   7.0000000e-03	  -5.3698994e-13	
   7.0500000e-03	  -6.1965992e-13	
   7.1000000e-03	  -6.0854880e-13	
   7.1500000e-03	  -6.6560256e-13	
   7.2000000e-03	  -7.3493013e-13	
   7.2500000e-03	  -7.3922335e-13	
   7.3000000e-03	  -7.6572993e-13	
   7.3500000e-03	  -7.7683519e-13	
   7.4000000e-03	  -7.4982490e-13	
   7.4500000e-03	  -6.7603312e-13	
   7.5000000e-03	  -6.9111756e-13	
   7.5500000e-03	  -7.2793572e-13	
   7.6000000e-03	  -7.6969334e-13	
   7.6500000e-03	  -8.0666918e-13	
   7.7000000e-03	  -8.7151879e-13	
   7.7500000e-03	  -8.7657030e-13	
   7.8000000e-03	  -8.7972945e-13	
   7.8500000e-03	  -9.5220679e-13	
   7.9000000e-03	  -8.9809822e-13	
   7.9500000e-03	  -1.0035237e-12	
   8.0000000e-03	  -8.7213223e-13	
   8.0500000e-03	  -8.5865820e-13	
   8.1000000e-03	  -9.0819054e-13	
   8.1500000e-03	  -9.1379717e-13	
   8.2000000e-03	  -9.3991517e-13	
   8.2500000e-03	  -1.0245409e-12	
   8.3000000e-03	  -1.0039706e-12	
   8.3500000e-03	  -1.0891873e-12	
   8.4000000e-03	  -9.7887692e-13	
   8.4500000e-03	  -9.6592417e-13	
   8.5000000e-03	  -9.5273647e-13	
   8.5500000e-03	  -8.8347667e-13	
   8.6000000e-03	  -8.3486104e-13	
   8.6500000e-03	  -8.0456507e-13	
   8.7000000e-03	  -8.8767557e-13	
   8.7500000e-03	  -1.0493230e-12	
   8.8000000e-03	  -1.0429989e-12	
   8.8500000e-03	  -1.0786261e-12	
   8.9000000e-03	  -1.0854332e-12	
   8.9500000e-03	  -1.1419344e-12	
   9.0000000e-03	  -9.2958714e-13	
   9.0500000e-03	  -9.7358168e-13	
   9.1000000e-03	  -9.7208396e-13	
   9.1500000e-03	  -1.0148460e-12	
   9.2000000e-03	  -1.0852538e-12	
   9.2500000e-03	  -1.0225138e-12	
   9.3000000e-03	  -1.0170209e-12	
   9.3500000e-03	  -9.7038697e-13	
   9.4000000e-03	  -9.2934514e-13	
   9.4500000e-03	  -8.9211537e-13	
   9.5000000e-03	  -9.7088592e-13	
   9.5500000e-03	  -9.9673134e-13	
   9.6000000e-03	  -1.1062423e-12	
   9.6500000e-03	  -1.0134100e-12	
   9.7000000e-03	  -1.1242791e-12	
   9.7500000e-03	  -1.3737302e-12	
   9.8000000e-03	  -1.4168148e-12	
   9.8500000e-03	  -1.6112111e-12	
   9.9000000e-03	  -1.8600575e-12	
   9.9500000e-03	  -2.1429555e-12	
   1.0000000e-02	  -2.5228396e-12	
   1.0050000e-02	  -2.9940972e-12	
   1.0100000e-02	  -3.4460117e-12	
   1.0150000e-02	  -3.6251360e-12	
   1.0200000e-02	  -4.2846586e-12	
   1.0250000e-02	  -4.6230478e-12	
   1.0300000e-02	  -5.1690555e-12	
   1.0350000e-02	  -5.4544988e-12	
   1.0400000e-02	  -5.7460670e-12	
   1.0450000e-02	  -6.0982298e-12	
   1.0500000e-02	  -6.5802459e-12	
   1.0550000e-02	  -7.1276969e-12	
   1.0600000e-02	  -7.4644184e-12	
   1.0650000e-02	  -7.6198672e-12	
   1.0700000e-02	  -7.9430739e-12	
   1.0750000e-02	  -8.1747666e-12	
   1.0800000e-02	  -8.3195506e-12	
   1.0850000e-02	  -8.5234430e-12	
   1.0900000e-02	  -8.9430382e-12	
   1.0950000e-02	  -9.0757790e-12	
   1.1000000e-02	  -9.3820233e-12	
   1.1050000e-02	  -9.4928514e-12	
   1.1100000e-02	  -9.4497469e-12	
   1.1150000e-02	  -9.4336164e-12	
   1.1200000e-02	  -9.4683431e-12	
   1.1250000e-02	  -9.7041353e-12	
   1.1300000e-02	  -1.0079656e-11	
   1.1350000e-02	  -1.0266174e-11	
   1.1400000e-02	  -1.0382747e-11	
   1.1450000e-02	  -1.0435736e-11	
   1.1500000e-02	  -1.0462325e-11	
   1.1550000e-02	  -1.0260649e-11	
   1.1600000e-02	  -1.0432873e-11	
   1.1650000e-02	  -1.0667963e-11	
   1.1700000e-02	  -1.0721174e-11	
   1.1750000e-02	  -1.0777102e-11	
   1.1800000e-02	  -1.0700857e-11	
   1.1850000e-02	  -1.0763529e-11	
   1.1900000e-02	  -1.0897477e-11	
   1.1950000e-02	  -1.0883295e-11	
   1.2000000e-02	  -1.1001395e-11	
   1.2050000e-02	  -1.0896201e-11	
   1.2100000e-02	  -1.0683260e-11	
   1.2150000e-02	  -1.0579565e-11	
   1.2200000e-02	  -1.0593388e-11	
   1.2250000e-02	  -1.0645013e-11	
   1.2300000e-02	  -1.0791460e-11	
   1.2350000e-02	  -1.0835527e-11	
   1.2400000e-02	  -1.0908469e-11	
   1.2450000e-02	  -1.1181931e-11	
   1.2500000e-02	  -1.1163723e-11	
   1.2550000e-02	  -1.1229036e-11	
   1.2600000e-02	  -1.0936770e-11	
   1.2650000e-02	  -1.0797780e-11	
   1.2700000e-02	  -1.0666773e-11	
   1.2750000e-02	  -1.0512397e-11	
   1.2800000e-02	  -1.0477853e-11	
   1.2850000e-02	  -1.0550323e-11	
   1.2900000e-02	  -1.0435922e-11	
   1.2950000e-02	  -1.0687836e-11	
   1.3000000e-02	  -1.0818818e-11	
   1.3050000e-02	  -1.0767507e-11	
   1.3100000e-02	  -1.0982557e-11	
   1.3150000e-02	  -1.0988575e-11	
   1.3200000e-02	  -1.0697808e-11	
   1.3250000e-02	  -1.0337656e-11	
   1.3300000e-02	  -1.0255047e-11	
   1.3350000e-02	  -1.0032381e-11	
   1.3400000e-02	  -9.7803991e-12	
   1.3450000e-02	  -9.7922746e-12	
   1.3500000e-02	  -1.0221015e-11	
   1.3550000e-02	  -1.0411585e-11	
   1.3600000e-02	  -1.0350356e-11	
   1.3650000e-02	  -1.0075409e-11	
   1.3700000e-02	  -9.6688456e-12	
   1.3750000e-02	  -9.4262496e-12	
   1.3800000e-02	  -9.2914963e-12	
   1.3850000e-02	  -9.6174381e-12	
   1.3900000e-02	  -9.3218215e-12	
   1.3950000e-02	  -9.4562695e-12	
   1.4000000e-02	  -9.4724233e-12	
   1.4050000e-02	  -9.6676651e-12	
   1.4100000e-02	  -9.6467121e-12	
   1.4150000e-02	  -9.7219297e-12	
   1.4200000e-02	  -9.7325324e-12	
   1.4250000e-02	  -9.6567955e-12	
   1.4300000e-02	  -9.4854049e-12	
   1.4350000e-02	  -9.4436100e-12	
   1.4400000e-02	  -9.5364769e-12	
   1.4450000e-02	  -9.1604467e-12	
   1.4500000e-02	  -9.6136436e-12	
   1.4550000e-02	  -9.9922296e-12	
   1.4600000e-02	  -1.0122847e-11	
   1.4650000e-02	  -1.0184101e-11	
   1.4700000e-02	  -1.0097531e-11	
   1.4750000e-02	  -9.9036424e-12	
   1.4800000e-02	  -9.7143546e-12	
   1.4850000e-02	  -9.7975959e-12	
   1.4900000e-02	  -9.8734241e-12	
   1.4950000e-02	  -9.8836382e-12	
   1.5000000e-02	  -9.4805804e-12	
   1.5050000e-02	  -9.3847126e-12	
   1.5100000e-02	  -9.3188176e-12	
   1.5150000e-02	  -9.1255857e-12	
   1.5200000e-02	  -9.1643602e-12	
   1.5250000e-02	  -9.0915810e-12	
   1.5300000e-02	  -9.0234688e-12	
   1.5350000e-02	  -8.8485295e-12	
   1.5400000e-02	  -8.6168021e-12	
   1.5450000e-02	  -8.7101645e-12	
   1.5500000e-02	  -8.9232718e-12	
   1.5550000e-02	  -9.1918903e-12	
   1.5600000e-02	  -9.3205645e-12	
   1.5650000e-02	  -9.1455114e-12	
   1.5700000e-02	  -9.1427395e-12	
   1.5750000e-02	  -8.8096726e-12	
   1.5800000e-02	  -8.7369359e-12	
   1.5850000e-02	  -8.9324247e-12	
   1.5900000e-02	  -8.8212081e-12	
   1.5950000e-02	  -8.7052561e-12	
   1.6000000e-02	  -8.6562151e-12	
   1.6050000e-02	  -8.7926614e-12	
   1.6100000e-02	  -8.4983055e-12	
   1.6150000e-02	  -8.3589615e-12	
   1.6200000e-02	  -8.2386123e-12	
   1.6250000e-02	  -8.2708098e-12	
   1.6300000e-02	  -8.0721354e-12	
   1.6350000e-02	  -8.2449052e-12	
   1.6400000e-02	  -8.4313565e-12	
   1.6450000e-02	  -8.3164135e-12	
   1.6500000e-02	  -8.1853517e-12	
   1.6550000e-02	  -8.1545430e-12	
   1.6600000e-02	  -8.1412700e-12	
   1.6650000e-02	  -7.9441735e-12	
   1.6700000e-02	  -7.8128704e-12	
   1.6750000e-02	  -7.6604487e-12	
   1.6800000e-02	  -7.8607064e-12	
   1.6850000e-02	  -7.7546947e-12	
   1.6900000e-02	  -7.6646280e-12	
   1.6950000e-02	  -7.5277982e-12	
   1.7000000e-02	  -7.4642957e-12	
   1.7050000e-02	  -7.4498327e-12	
   1.7100000e-02	  -7.3047839e-12	
   1.7150000e-02	  -7.2579130e-12	
   1.7200000e-02	  -7.1896412e-12	
   1.7250000e-02	  -7.2633885e-12	
   1.7300000e-02	  -7.1823420e-12	
   1.7350000e-02	  -7.3063187e-12	
   1.7400000e-02	  -7.1931593e-12	
   1.7450000e-02	  -7.2679165e-12	
   1.7500000e-02	  -7.3703386e-12	
   1.7550000e-02	  -7.1978977e-12	
   1.7600000e-02	  -7.1929452e-12	
   1.7650000e-02	  -7.1965569e-12	
   1.7700000e-02	  -7.0798686e-12	
   1.7750000e-02	  -7.0584892e-12	
   1.7800000e-02	  -7.0020221e-12	
   1.7850000e-02	  -7.1312521e-12	
   1.7900000e-02	  -7.2122076e-12	
   1.7950000e-02	  -6.9725417e-12	
   1.8000000e-02	  -6.7779309e-12	
   1.8050000e-02	  -6.9293930e-12	
   1.8100000e-02	  -6.6343718e-12	
   1.8150000e-02	  -6.5635546e-12	
   1.8200000e-02	  -6.6247450e-12	
   1.8250000e-02	  -6.7500818e-12	
   1.8300000e-02	  -6.6475102e-12	
   1.8350000e-02	  -6.5388558e-12	
   1.8400000e-02	  -6.5094015e-12	
   1.8450000e-02	  -6.4017689e-12	
   1.8500000e-02	  -6.5045090e-12	
   1.8550000e-02	  -6.4669910e-12	
   1.8600000e-02	  -6.2803970e-12	
   1.8650000e-02	  -6.0749970e-12	
   1.8700000e-02	  -5.9512959e-12	
   1.8750000e-02	  -5.8546442e-12	
   1.8800000e-02	  -5.8940649e-12	
   1.8850000e-02	  -5.7778983e-12	
   1.8900000e-02	  -5.6315987e-12	
   1.8950000e-02	  -5.5420610e-12	
   1.9000000e-02	  -5.5566604e-12	
   1.9050000e-02	  -5.7110446e-12	
   1.9100000e-02	  -5.8123031e-12	
   1.9150000e-02	  -5.8764289e-12	
   1.9200000e-02	  -6.0190908e-12	
   1.9250000e-02	  -6.0695253e-12	
   1.9300000e-02	  -6.1730070e-12	
   1.9350000e-02	  -6.1401069e-12	
   1.9400000e-02	  -6.1915681e-12	
   1.9450000e-02	  -6.0918224e-12	
   1.9500000e-02	  -5.9701384e-12	
   1.9550000e-02	  -5.7619716e-12	
   1.9600000e-02	  -5.6895252e-12	
   1.9650000e-02	  -5.6654334e-12	
   1.9700000e-02	  -5.5297641e-12	
   1.9750000e-02	  -5.5607084e-12	
   1.9800000e-02	  -5.5022291e-12	
   1.9850000e-02	  -5.4684488e-12	
   1.9900000e-02	  -5.3252856e-12	
   1.9950000e-02	  -5.4199704e-12	
   2.0000000e-02	  -5.4143082e-12	
   2.0050000e-02	  -5.3950459e-12	
   2.0100000e-02	  -5.5469337e-12	
   2.0150000e-02	  -5.6285396e-12	
   2.0200000e-02	  -5.3033903e-12	
   2.0250000e-02	  -5.1681652e-12	
   2.0300000e-02	  -5.1044106e-12	
   2.0350000e-02	  -5.1627541e-12	
   2.0400000e-02	  -5.1701740e-12	
   2.0450000e-02	  -5.1568513e-12	
   2.0500000e-02	  -5.2438824e-12	
   2.0550000e-02	  -5.2650586e-12	
   2.0600000e-02	  -5.3027949e-12	
   2.0650000e-02	  -5.0782024e-12	
   2.0700000e-02	  -5.0685242e-12	
   2.0750000e-02	  -4.9762573e-12	
   2.0800000e-02	  -4.8032587e-12	
   2.0850000e-02	  -4.7016099e-12	
   2.0900000e-02	  -4.6301663e-12	
   2.0950000e-02	  -4.5433414e-12	
   2.1000000e-02	  -4.6914462e-12	
   2.1050000e-02	  -4.7973019e-12	
   2.1100000e-02	  -4.7089420e-12	
   2.1150000e-02	  -4.7584198e-12	
   2.1200000e-02	  -4.7992014e-12	
   2.1250000e-02	  -4.7205143e-12	
   2.1300000e-02	  -4.6451942e-12	
   2.1350000e-02	  -4.5864462e-12	
   2.1400000e-02	  -4.3145804e-12	
   2.1450000e-02	  -4.1252308e-12	
   2.1500000e-02	  -4.2485765e-12	
   2.1550000e-02	  -4.2814669e-12	
   2.1600000e-02	  -4.4396624e-12	
   2.1650000e-02	  -4.4571369e-12	
   2.1700000e-02	  -4.5151576e-12	
   2.1750000e-02	  -4.5320695e-12	
   2.1800000e-02	  -4.5830050e-12	
   2.1850000e-02	  -4.4080265e-12	
   2.1900000e-02	  -4.4062020e-12	
   2.1950000e-02	  -4.3323279e-12	
   2.2000000e-02	  -4.3394119e-12	
   2.2050000e-02	  -4.1991066e-12	
   2.2100000e-02	  -4.1191308e-12	
   2.2150000e-02	  -4.0024858e-12	
   2.2200000e-02	  -3.8958533e-12	
   2.2250000e-02	  -4.0603944e-12	
   2.2300000e-02	  -3.9908380e-12	
   2.2350000e-02	  -3.8925417e-12	
   2.2400000e-02	  -3.8194410e-12	
   2.2450000e-02	  -3.8964669e-12	
   2.2500000e-02	  -3.7742524e-12	
   2.2550000e-02	  -3.6060623e-12	
   2.2600000e-02	  -3.6853029e-12	
   2.2650000e-02	  -3.6992156e-12	
   2.2700000e-02	  -3.6427814e-12	
   2.2750000e-02	  -3.5582212e-12	
   2.2800000e-02	  -3.4112461e-12	
   2.2850000e-02	  -3.4150957e-12	
   2.2900000e-02	  -3.4740453e-12	
   2.2950000e-02	  -3.6283047e-12	
   2.3000000e-02	  -3.8045526e-12	
   2.3050000e-02	  -3.7099982e-12	
   2.3100000e-02	  -3.6351226e-12	
   2.3150000e-02	  -3.5303346e-12	
   2.3200000e-02	  -3.4383791e-12	
   2.3250000e-02	  -3.2630474e-12	
   2.3300000e-02	  -3.2049088e-12	
   2.3350000e-02	  -3.2733022e-12	
   2.3400000e-02	  -3.2032961e-12	
   2.3450000e-02	  -3.2647940e-12	
   2.3500000e-02	  -3.2781174e-12	
   2.3550000e-02	  -3.3513504e-12	
   2.3600000e-02	  -3.5229632e-12	
   2.3650000e-02	  -3.5853996e-12	
   2.3700000e-02	  -3.6624072e-12	
   2.3750000e-02	  -3.4405770e-12	
   2.3800000e-02	  -3.4218143e-12	
   2.3850000e-02	  -3.4387094e-12	
   2.3900000e-02	  -3.3380107e-12	
   2.3950000e-02	  -3.1492428e-12	
   2.4000000e-02	  -3.2513074e-12	
   2.4050000e-02	  -3.3427898e-12	
   2.4100000e-02	  -3.3670154e-12	
   2.4150000e-02	  -3.3314135e-12	
   2.4200000e-02	  -3.2894982e-12	
   2.4250000e-02	  -3.1527188e-12	
   2.4300000e-02	  -3.1583839e-12	
   2.4350000e-02	  -3.1779787e-12	
   2.4400000e-02	  -2.9540758e-12	
   2.4450000e-02	  -2.8985477e-12	
   2.4500000e-02	  -2.9680034e-12	
   2.4550000e-02	  -2.7897038e-12	
   2.4600000e-02	  -2.8369019e-12	
   2.4650000e-02	  -2.8914805e-12	
   2.4700000e-02	  -2.8358370e-12	
   2.4750000e-02	  -2.6946562e-12	
   2.4800000e-02	  -2.7088058e-12	
   2.4850000e-02	  -2.6906678e-12	
   2.4900000e-02	  -2.7032664e-12	
   2.4950000e-02	  -2.6935884e-12	
   2.5000000e-02	  -2.6575593e-12	
   2.5050000e-02	  -2.5011803e-12	
   2.5100000e-02	  -2.4191348e-12	
   2.5150000e-02	  -2.4813057e-12	
   2.5200000e-02	  -2.4568726e-12	
   2.5250000e-02	  -2.4642868e-12	
   2.5300000e-02	  -2.3896839e-12	
   2.5350000e-02	  -2.3516419e-12	
   2.5400000e-02	  -2.4210804e-12	
   2.5450000e-02	  -2.4433473e-12	
   2.5500000e-02	  -2.5137854e-12	
   2.5550000e-02	  -2.5349696e-12	
   2.5600000e-02	  -2.5252874e-12	
   2.5650000e-02	  -2.5464019e-12	
   2.5700000e-02	  -2.6024682e-12	
   2.5750000e-02	  -2.5939051e-12	
   2.5800000e-02	  -2.7413748e-12	
   2.5850000e-02	  -2.7660704e-12	
   2.5900000e-02	  -2.7201145e-12	
   2.5950000e-02	  -2.6384455e-12	
   2.6000000e-02	  -2.6665573e-12	
   2.6050000e-02	  -2.6463109e-12	
   2.6100000e-02	  -2.6502414e-12	
   2.6150000e-02	  -2.6912576e-12	
   2.6200000e-02	  -2.7804174e-12	
   2.6250000e-02	  -2.9014369e-12	
   2.6300000e-02	  -2.8694512e-12	
   2.6350000e-02	  -2.8004302e-12	
   2.6400000e-02	  -2.6572245e-12	
   2.6450000e-02	  -2.5815628e-12	
   2.6500000e-02	  -2.5535286e-12	
   2.6550000e-02	  -2.5860878e-12	
   2.6600000e-02	  -2.6197831e-12	
   2.6650000e-02	  -2.6437387e-12	
   2.6700000e-02	  -2.5968596e-12	
   2.6750000e-02	  -2.6499200e-12	
   2.6800000e-02	  -2.7621747e-12	
   2.6850000e-02	  -2.8025004e-12	
   2.6900000e-02	  -2.6276485e-12	
   2.6950000e-02	  -2.5913453e-12	
   2.7000000e-02	  -2.5424005e-12	
   2.7050000e-02	  -2.4958174e-12	
   2.7100000e-02	  -2.5407465e-12	
   2.7150000e-02	  -2.5389161e-12	
   2.7200000e-02	  -2.4718725e-12	
   2.7250000e-02	  -2.4603837e-12	
   2.7300000e-02	  -2.5530873e-12	
   2.7350000e-02	  -2.5037511e-12	
   2.7400000e-02	  -2.4505135e-12	
   2.7450000e-02	  -2.4842467e-12	
   2.7500000e-02	  -2.4308301e-12	
   2.7550000e-02	  -2.4386749e-12	
   2.7600000e-02	  -2.5941708e-12	
   2.7650000e-02	  -2.6950417e-12	
   2.7700000e-02	  -2.5672617e-12	
   2.7750000e-02	  -2.5260863e-12	
   2.7800000e-02	  -2.5585014e-12	
   2.7850000e-02	  -2.6118694e-12	
   2.7900000e-02	  -2.5839608e-12	
   2.7950000e-02	  -2.4910785e-12	
   2.8000000e-02	  -2.4435109e-12	
   2.8050000e-02	  -2.4046464e-12	
   2.8100000e-02	  -2.5003256e-12	
   2.8150000e-02	  -2.4883474e-12	
   2.8200000e-02	  -2.4214842e-12	
   2.8250000e-02	  -2.2159438e-12	
   2.8300000e-02	  -2.2213928e-12	
   2.8350000e-02	  -2.1623662e-12	
   2.8400000e-02	  -1.9114185e-12	
   2.8450000e-02	  -2.0501832e-12	
   2.8500000e-02	  -2.1371141e-12	
   2.8550000e-02	  -2.0507929e-12	
   2.8600000e-02	  -2.1021383e-12	
   2.8650000e-02	  -2.1383824e-12	
   2.8700000e-02	  -2.2163619e-12	
   2.8750000e-02	  -2.1954871e-12	
   2.8800000e-02	  -2.2613118e-12	
   2.8850000e-02	  -2.3799946e-12	
   2.8900000e-02	  -2.4213887e-12	
   2.8950000e-02	  -2.4097562e-12	
   2.9000000e-02	  -2.4185042e-12	
   2.9050000e-02	  -2.1674303e-12	
   2.9100000e-02	  -2.0350995e-12	
   2.9150000e-02	  -1.9482510e-12	
   2.9200000e-02	  -1.9489136e-12	
   2.9250000e-02	  -2.0125509e-12	
   2.9300000e-02	  -2.2057473e-12	
   2.9350000e-02	  -2.1811663e-12	
   2.9400000e-02	  -2.0530525e-12	
   2.9450000e-02	  -2.0794781e-12	
   2.9500000e-02	  -1.9748294e-12	
   2.9550000e-02	  -1.9642161e-12	
   2.9600000e-02	  -1.8122507e-12	
   2.9650000e-02	  -1.9419000e-12	
   2.9700000e-02	  -2.1085355e-12	
   2.9750000e-02	  -2.0631283e-12	
   2.9800000e-02	  -2.0581204e-12	
   2.9850000e-02	  -1.9638323e-12	
   2.9900000e-02	  -1.9678508e-12	
   2.9950000e-02	  -2.0736611e-12	
   3.0000000e-02	  -1.9571775e-12	
   3.0050000e-02	  -1.9172053e-12	
   3.0100000e-02	  -2.0046701e-12	
   3.0150000e-02	  -2.0871664e-12	
   3.0200000e-02	  -2.0997130e-12	
   3.0250000e-02	  -2.1068728e-12	
   3.0300000e-02	  -2.1015904e-12	
   3.0350000e-02	  -2.1343942e-12	
   3.0400000e-02	  -2.3107022e-12	
   3.0450000e-02	  -2.2917167e-12	
   3.0500000e-02	  -2.2364079e-12	
   3.0550000e-02	  -2.2133153e-12	
   3.0600000e-02	  -2.1701226e-12	
   3.0650000e-02	  -2.1335327e-12	
   3.0700000e-02	  -2.1414747e-12	
   3.0750000e-02	  -2.0844093e-12	
   3.0800000e-02	  -2.0769697e-12	
   3.0850000e-02	  -2.1829784e-12	
   3.0900000e-02	  -2.1947443e-12	
   3.0950000e-02	  -2.2439138e-12	
   3.1000000e-02	  -2.1448953e-12	
   3.1050000e-02	  -2.1786670e-12	
   3.1100000e-02	  -1.9118049e-12	
   3.1150000e-02	  -1.8391772e-12	
   3.1200000e-02	  -1.8704713e-12	
   3.1250000e-02	  -1.8350029e-12	
   3.1300000e-02	  -1.8767652e-12	
   3.1350000e-02	  -1.8655341e-12	
   3.1400000e-02	  -1.8016088e-12	
   3.1450000e-02	  -1.9598078e-12	
   3.1500000e-02	  -1.9867745e-12	
   3.1550000e-02	  -2.1433142e-12	
   3.1600000e-02	  -2.0792838e-12	
   3.1650000e-02	  -2.0362629e-12	
   3.1700000e-02	  -2.1066252e-12	
   3.1750000e-02	  -2.0156049e-12	
   3.1800000e-02	  -1.9651453e-12	
   3.1850000e-02	  -1.9449997e-12	
   3.1900000e-02	  -1.9171571e-12	
   3.1950000e-02	  -1.9759251e-12	
   3.2000000e-02	  -1.9841407e-12	
   3.2050000e-02	  -2.0232537e-12	
   3.2100000e-02	  -1.9763024e-12	
   3.2150000e-02	  -1.9220745e-12	
   3.2200000e-02	  -1.9681981e-12	
   3.2250000e-02	  -1.7649417e-12	
   3.2300000e-02	  -1.6611081e-12	
   3.2350000e-02	  -1.7592025e-12	
   3.2400000e-02	  -1.7850084e-12	
   3.2450000e-02	  -1.7773292e-12	
   3.2500000e-02	  -1.7125776e-12	
   3.2550000e-02	  -1.9201004e-12	
   3.2600000e-02	  -2.0891091e-12	
   3.2650000e-02	  -2.1242402e-12	
   3.2700000e-02	  -2.0277587e-12	
   3.2750000e-02	  -2.1242469e-12	
   3.2800000e-02	  -2.2043524e-12	
   3.2850000e-02	  -2.2932372e-12	
   3.2900000e-02	  -2.3535045e-12	
   3.2950000e-02	  -2.2747468e-12	
   3.3000000e-02	  -2.2636697e-12	
   3.3050000e-02	  -2.2268910e-12	
   3.3100000e-02	  -2.0641796e-12	
   3.3150000e-02	  -2.0163949e-12	
   3.3200000e-02	  -2.0614537e-12	
   3.3250000e-02	  -2.2504719e-12	
   3.3300000e-02	  -2.3456236e-12	
   3.3350000e-02	  -2.2055861e-12	
   3.3400000e-02	  -2.0981103e-12	
   3.3450000e-02	  -2.0258678e-12	
   3.3500000e-02	  -2.1412870e-12	
   3.3550000e-02	  -2.2014595e-12	
   3.3600000e-02	  -2.2713363e-12	
   3.3650000e-02	  -2.1821741e-12	
   3.3700000e-02	  -2.3289741e-12	
   3.3750000e-02	  -2.1978558e-12	
   3.3800000e-02	  -2.2251142e-12	
   3.3850000e-02	  -2.4016243e-12	
   3.3900000e-02	  -2.4398378e-12	
   3.3950000e-02	  -2.4546363e-12	
   3.4000000e-02	  -2.1662151e-12	
   3.4050000e-02	  -2.3219239e-12	
   3.4100000e-02	  -2.3279067e-12	
   3.4150000e-02	  -2.3093706e-12	
   3.4200000e-02	  -2.1104509e-12	
   3.4250000e-02	  -2.0996343e-12	
   3.4300000e-02	  -2.1407366e-12	
   3.4350000e-02	  -2.1927371e-12	
   3.4400000e-02	  -2.3146352e-12	
   3.4450000e-02	  -2.2979160e-12	
   3.4500000e-02	  -2.2151289e-12	
   3.4550000e-02	  -2.1629950e-12	
   3.4600000e-02	  -2.2795129e-12	
   3.4650000e-02	  -2.3693412e-12	
   3.4700000e-02	  -2.3650946e-12	
   3.4750000e-02	  -2.3135428e-12	
   3.4800000e-02	  -2.4628474e-12	
   3.4850000e-02	  -2.3844746e-12	
   3.4900000e-02	  -2.3709021e-12	
   3.4950000e-02	  -2.3318600e-12	
   3.5000000e-02	  -1.9497690e-12	
   3.5050000e-02	  -2.1610722e-12	
   3.5100000e-02	  -2.0800826e-12	
   3.5150000e-02	  -2.1145219e-12	
   3.5200000e-02	  -2.1341232e-12	
   3.5250000e-02	  -1.8830434e-12	
   3.5300000e-02	  -2.0057843e-12	
   3.5350000e-02	  -2.1177402e-12	
   3.5400000e-02	  -2.1121111e-12	
   3.5450000e-02	  -2.0432852e-12	
   3.5500000e-02	  -2.0907217e-12	
   3.5550000e-02	  -1.8764753e-12	
   3.5600000e-02	  -1.8006360e-12	
   3.5650000e-02	  -1.7286387e-12	
   3.5700000e-02	  -1.7905879e-12	
   3.5750000e-02	  -1.9662700e-12	
   3.5800000e-02	  -2.0713834e-12	
   3.5850000e-02	  -2.0527177e-12	
   3.5900000e-02	  -1.8719937e-12	
   3.5950000e-02	  -1.9091134e-12	
   3.6000000e-02	  -1.8399465e-12	
   3.6050000e-02	  -1.9134902e-12	
   3.6100000e-02	  -1.6715876e-12	
   3.6150000e-02	  -1.5411919e-12	
   3.6200000e-02	  -1.6357445e-12	
   3.6250000e-02	  -1.5796496e-12	
   3.6300000e-02	  -1.7008860e-12	
   3.6350000e-02	  -1.8340572e-12	
   3.6400000e-02	  -1.7981412e-12	
   3.6450000e-02	  -1.9444267e-12	
   3.6500000e-02	  -2.0454168e-12	
   3.6550000e-02	  -2.1579144e-12	
   3.6600000e-02	  -2.1777545e-12	
   3.6650000e-02	  -2.0806046e-12	
   3.6700000e-02	  -1.9981009e-12	
   3.6750000e-02	  -2.0647884e-12	
   3.6800000e-02	  -1.9286361e-12	
   3.6850000e-02	  -1.9178903e-12	
   3.6900000e-02	  -1.9521925e-12	
   3.6950000e-02	  -1.8230774e-12	
   3.7000000e-02	  -1.7947737e-12	
   3.7050000e-02	  -1.7488884e-12	
   3.7100000e-02	  -1.8309471e-12	
   3.7150000e-02	  -1.7326434e-12	
   3.7200000e-02	  -1.6775966e-12	
   3.7250000e-02	  -1.6630047e-12	
   3.7300000e-02	  -1.6232512e-12	
   3.7350000e-02	  -1.8151834e-12	
   3.7400000e-02	  -1.6989986e-12	
   3.7450000e-02	  -1.8529298e-12	
   3.7500000e-02	  -1.8220382e-12	
   3.7550000e-02	  -1.8823747e-12	
   3.7600000e-02	  -1.7706845e-12	
   3.7650000e-02	  -1.7837166e-12	
   3.7700000e-02	  -1.7867773e-12	
   3.7750000e-02	  -1.7376626e-12	
   3.7800000e-02	  -1.8130968e-12	
   3.7850000e-02	  -1.9391626e-12	
   3.7900000e-02	  -1.8945312e-12	
   3.7950000e-02	  -1.6796844e-12	
   3.8000000e-02	  -1.6424457e-12	
   3.8050000e-02	  -1.6172437e-12	
   3.8100000e-02	  -1.5699039e-12	
   3.8150000e-02	  -1.6558517e-12	
   3.8200000e-02	  -1.7488513e-12	
   3.8250000e-02	  -1.6544947e-12	
   3.8300000e-02	  -1.7109751e-12	
   3.8350000e-02	  -1.7805786e-12	
   3.8400000e-02	  -1.8565068e-12	
   3.8450000e-02	  -1.9528983e-12	
   3.8500000e-02	  -1.9195940e-12	
   3.8550000e-02	  -1.9199426e-12	
   3.8600000e-02	  -1.7284182e-12	
   3.8650000e-02	  -1.6459217e-12	
   3.8700000e-02	  -1.5881400e-12	
   3.8750000e-02	  -1.4387695e-12	
   3.8800000e-02	  -1.2409945e-12	
   3.8850000e-02	  -1.4009815e-12	
   3.8900000e-02	  -1.5235038e-12	
   3.8950000e-02	  -1.5981621e-12	
   3.9000000e-02	  -1.4558263e-12	
   3.9050000e-02	  -1.4592709e-12	
   3.9100000e-02	  -1.6401420e-12	
   3.9150000e-02	  -1.6598155e-12	
   3.9200000e-02	  -1.6346252e-12	
   3.9250000e-02	  -1.7388196e-12	
   3.9300000e-02	  -1.9175217e-12	
   3.9350000e-02	  -2.0547457e-12	
   3.9400000e-02	  -2.0032025e-12	
   3.9450000e-02	  -1.8955978e-12	
   3.9500000e-02	  -1.7069317e-12	
   3.9550000e-02	  -1.4321695e-12	
   3.9600000e-02	  -1.2650120e-12	
   3.9650000e-02	  -1.3187726e-12	
   3.9700000e-02	  -1.5413974e-12	
   3.9750000e-02	  -1.6614196e-12	
   3.9800000e-02	  -1.6239243e-12	
   3.9850000e-02	  -1.4928289e-12	
   3.9900000e-02	  -1.5588350e-12	
   3.9950000e-02	  -1.5341341e-12	
   4.0000000e-02	  -1.6445208e-12	
   4.0050000e-02	  -1.7863673e-12	
   4.0100000e-02	  -1.6278370e-12	
   4.0150000e-02	  -1.5893036e-12	
   4.0200000e-02	  -1.4148843e-12	
   4.0250000e-02	  -1.4175824e-12	
   4.0300000e-02	  -1.6396358e-12	
   4.0350000e-02	  -1.5533528e-12	
   4.0400000e-02	  -1.6039366e-12	
   4.0450000e-02	  -1.5926364e-12	
   4.0500000e-02	  -1.5176963e-12	
   4.0550000e-02	  -1.2968088e-12	
   4.0600000e-02	  -1.4947327e-12	
   4.0650000e-02	  -1.4006968e-12	
   4.0700000e-02	  -1.3469620e-12	
   4.0750000e-02	  -1.3511809e-12	
   4.0800000e-02	  -1.4219021e-12	
   4.0850000e-02	  -1.4010302e-12	
   4.0900000e-02	  -1.4865305e-12	
   4.0950000e-02	  -1.4179444e-12	
   4.1000000e-02	  -1.3844434e-12	
   4.1050000e-02	  -1.3034669e-12	
   4.1100000e-02	  -1.3730435e-12	
   4.1150000e-02	  -1.3751857e-12	
   4.1200000e-02	  -1.4639758e-12	
   4.1250000e-02	  -1.4736385e-12	
   4.1300000e-02	  -1.4119101e-12	
   4.1350000e-02	  -1.4128379e-12	
   4.1400000e-02	  -1.4390685e-12	
   4.1450000e-02	  -1.3788254e-12	
   4.1500000e-02	  -1.2812368e-12	
   4.1550000e-02	  -1.1537832e-12	
   4.1600000e-02	  -1.0655376e-12	
   4.1650000e-02	  -1.1247210e-12	
   4.1700000e-02	  -1.1487671e-12	
   4.1750000e-02	  -1.1458795e-12	
   4.1800000e-02	  -1.2053980e-12	
   4.1850000e-02	  -1.2965841e-12	
   4.1900000e-02	  -1.2822458e-12	
   4.1950000e-02	  -1.2437752e-12	
   4.2000000e-02	  -1.3879776e-12	
   4.2050000e-02	  -1.4971836e-12	
   4.2100000e-02	  -1.3856047e-12	
   4.2150000e-02	  -1.2610791e-12	
   4.2200000e-02	  -1.5284414e-12	
   4.2250000e-02	  -1.5306146e-12	
   4.2300000e-02	  -1.1964848e-12	
   4.2350000e-02	  -1.3190219e-12	
   4.2400000e-02	  -1.3770115e-12	
   4.2450000e-02	  -1.3639773e-12	
   4.2500000e-02	  -1.2868438e-12	
   4.2550000e-02	  -1.1632576e-12	
   4.2600000e-02	  -1.2479301e-12	
   4.2650000e-02	  -1.2539597e-12	
   4.2700000e-02	  -1.1735892e-12	
   4.2750000e-02	  -1.0434727e-12	
   4.2800000e-02	  -1.0414503e-12	
   4.2850000e-02	  -1.0678634e-12	
   4.2900000e-02	  -9.7414546e-13	
   4.2950000e-02	  -9.3996501e-13	
   4.3000000e-02	  -9.9146494e-13	
   4.3050000e-02	  -1.0458659e-12	
   4.3100000e-02	  -1.1234149e-12	
   4.3150000e-02	  -1.0000414e-12	
   4.3200000e-02	  -1.0720669e-12	
   4.3250000e-02	  -1.1755000e-12	
   4.3300000e-02	  -1.2189243e-12	
   4.3350000e-02	  -1.2823357e-12	
   4.3400000e-02	  -1.3910010e-12	
   4.3450000e-02	  -1.3569520e-12	
   4.3500000e-02	  -1.4482066e-12	
   4.3550000e-02	  -1.5233394e-12	
   4.3600000e-02	  -1.3564174e-12	
   4.3650000e-02	  -1.6229477e-12	
   4.3700000e-02	  -1.5380771e-12	
   4.3750000e-02	  -1.4354785e-12	
   4.3800000e-02	  -1.3705304e-12	
   4.3850000e-02	  -1.3843863e-12	
   4.3900000e-02	  -1.3452232e-12	
   4.3950000e-02	  -1.3045348e-12	
   4.4000000e-02	  -1.2137472e-12	
   4.4050000e-02	  -1.1869789e-12	
   4.4100000e-02	  -1.2620827e-12	
   4.4150000e-02	  -1.1631198e-12	
   4.4200000e-02	  -1.2356242e-12	
   4.4250000e-02	  -1.2142511e-12	
   4.4300000e-02	  -1.1890855e-12	
   4.4350000e-02	  -1.1622203e-12	
   4.4400000e-02	  -1.0639655e-12	
   4.4450000e-02	  -1.1269615e-12	
   4.4500000e-02	  -1.4180347e-12	
   4.4550000e-02	  -1.3571238e-12	
   4.4600000e-02	  -1.2371087e-12	
   4.4650000e-02	  -1.2285832e-12	
   4.4700000e-02	  -1.2617789e-12	
   4.4750000e-02	  -1.1363213e-12	
   4.4800000e-02	  -1.1225545e-12	
   4.4850000e-02	  -1.2076374e-12	
   4.4900000e-02	  -1.1396916e-12	
   4.4950000e-02	  -1.2035800e-12	
   4.5000000e-02	  -1.1765617e-12	
   4.5050000e-02	  -1.0747325e-12	
   4.5100000e-02	  -1.0090209e-12	
   4.5150000e-02	  -9.6844841e-13	
   4.5200000e-02	  -1.1208560e-12	
   4.5250000e-02	  -1.2849725e-12	
   4.5300000e-02	  -1.3560742e-12	
   4.5350000e-02	  -1.2031697e-12	
   4.5400000e-02	  -1.1507432e-12	
   4.5450000e-02	  -1.4727269e-12	
   4.5500000e-02	  -1.5030997e-12	
   4.5550000e-02	  -1.2874504e-12	
   4.5600000e-02	  -1.3706315e-12	
   4.5650000e-02	  -1.2989609e-12	
   4.5700000e-02	  -1.0952745e-12	
   4.5750000e-02	  -1.1038974e-12	
   4.5800000e-02	  -1.0041174e-12	
   4.5850000e-02	  -8.5862112e-13	
   4.5900000e-02	  -9.6013367e-13	
   4.5950000e-02	  -1.0146622e-12	
   4.6000000e-02	  -1.0140792e-12	
   4.6050000e-02	  -9.4413041e-13	
   4.6100000e-02	  -1.0050598e-12	
   4.6150000e-02	  -1.0991469e-12	
   4.6200000e-02	  -1.0423303e-12	
   4.6250000e-02	  -9.5328888e-13	
   4.6300000e-02	  -9.5481891e-13	
   4.6350000e-02	  -9.2819426e-13	
   4.6400000e-02	  -9.6580816e-13	
   4.6450000e-02	  -9.9230162e-13	
   4.6500000e-02	  -1.1204900e-12	
   4.6550000e-02	  -1.0486030e-12	
   4.6600000e-02	  -9.0387138e-13	
   4.6650000e-02	  -9.0940732e-13	
   4.6700000e-02	  -9.4923299e-13	
   4.6750000e-02	  -9.1875813e-13	
   4.6800000e-02	  -1.0091886e-12	
   4.6850000e-02	  -9.8268897e-13	
   4.6900000e-02	  -9.6220417e-13	
   4.6950000e-02	  -1.1250751e-12	
   4.7000000e-02	  -9.4438606e-13	
   4.7050000e-02	  -1.0025709e-12	
   4.7100000e-02	  -9.3015049e-13	
   4.7150000e-02	  -1.1192516e-12	
   4.7200000e-02	  -1.2388901e-12	
   4.7250000e-02	  -1.1939696e-12	
   4.7300000e-02	  -1.1251612e-12	
   4.7350000e-02	  -1.1284784e-12	
   4.7400000e-02	  -1.0618832e-12	
   4.7450000e-02	  -1.1099294e-12	
   4.7500000e-02	  -1.1241607e-12	
   4.7550000e-02	  -1.1220699e-12	
   4.7600000e-02	  -1.1566885e-12	
   4.7650000e-02	  -1.0610915e-12	
   4.7700000e-02	  -9.1066416e-13	
   4.7750000e-02	  -9.1093834e-13	
   4.7800000e-02	  -9.6988552e-13	
   4.7850000e-02	  -8.4293152e-13	
   4.7900000e-02	  -9.2609254e-13	
   4.7950000e-02	  -9.4313446e-13	
   4.8000000e-02	  -1.0490768e-12	
   4.8050000e-02	  -9.6225090e-13	
   4.8100000e-02	  -1.0564999e-12	
   4.8150000e-02	  -1.0986153e-12	
   4.8200000e-02	  -1.1228349e-12	
   4.8250000e-02	  -9.0959467e-13	
   4.8300000e-02	  -1.0783804e-12	
   4.8350000e-02	  -1.1231799e-12	
   4.8400000e-02	  -1.1403614e-12	
   4.8450000e-02	  -1.1774381e-12	
   4.8500000e-02	  -1.1215482e-12	
   4.8550000e-02	  -1.1496035e-12	
   4.8600000e-02	  -1.1751290e-12	
   4.8650000e-02	  -1.1290041e-12	
   4.8700000e-02	  -1.2862515e-12	
   4.8750000e-02	  -1.3168991e-12	
   4.8800000e-02	  -1.2562837e-12	
   4.8850000e-02	  -1.2736949e-12	
   4.8900000e-02	  -1.1543737e-12	
   4.8950000e-02	  -1.2371057e-12	
   4.9000000e-02	  -1.1315593e-12	
   4.9050000e-02	  -1.2383588e-12	
   4.9100000e-02	  -1.2339600e-12	
   4.9150000e-02	  -1.3823972e-12	
   4.9200000e-02	  -1.3306131e-12	
   4.9250000e-02	  -1.1889708e-12	
   4.9300000e-02	  -1.1509933e-12	
   4.9350000e-02	  -1.1836688e-12	
   4.9400000e-02	  -1.1517491e-12	
   4.9450000e-02	  -1.1180174e-12	
   4.9500000e-02	  -1.2100082e-12	
   4.9550000e-02	  -1.1837332e-12	
   4.9600000e-02	  -1.1047740e-12	
   4.9650000e-02	  -1.1769512e-12	
   4.9700000e-02	  -1.2379108e-12	
   4.9750000e-02	  -1.3550884e-12	
   4.9800000e-02	  -1.3014620e-12	
   4.9850000e-02	  -1.4330796e-12	
   4.9900000e-02	  -1.3374421e-12	
   4.9950000e-02	  -1.3603931e-12	
   5.0000000e-02	  -1.3189862e-12	
