  -0.0000000e+00	
  -8.2643481e-13	
  -1.5997957e-12	
  -2.3232347e-12	
  -2.9997182e-12	
  -3.6320373e-12	
  -4.2228186e-12	
  -4.7745335e-12	
  -5.2895077e-12	
  -5.7699296e-12	
  -6.2178586e-12	
  -6.6352324e-12	
  -7.0238744e-12	
  -7.3855003e-12	
  -7.7217246e-12	
  -8.0340665e-12	
  -8.3239554e-12	
  -8.5927365e-12	
  -8.8416755e-12	
  -9.0719632e-12	
  -9.2847202e-12	
  -9.4810011e-12	
  -9.6617979e-12	
  -9.8280441e-12	
  -9.9806182e-12	
  -1.0120347e-11	
  -1.0248007e-11	
  -1.0364331e-11	
  -1.0470007e-11	
  -1.0565683e-11	
  -1.0651968e-11	
  -1.0729436e-11	
  -1.0798627e-11	
  -1.0860047e-11	
  -1.0914174e-11	
  -1.0961458e-11	
  -1.1002321e-11	
  -1.1037162e-11	
  -1.1066353e-11	
  -1.1090247e-11	
  -1.1109176e-11	
  -1.1123451e-11	
  -1.1133364e-11	
  -1.1139192e-11	
  -1.1141193e-11	
  -1.1139612e-11	
  -1.1134678e-11	
  -1.1126607e-11	
  -1.1115602e-11	
  -1.1101853e-11	
  -1.1085541e-11	
  -1.1066835e-11	
  -1.1045892e-11	
  -1.1022863e-11	
  -1.0997888e-11	
  -1.0971099e-11	
  -1.0942621e-11	
  -1.0912570e-11	
  -1.0881055e-11	
  -1.0848181e-11	
  -1.0814045e-11	
  -1.0778737e-11	
  -1.0742343e-11	
  -1.0704945e-11	
  -1.0666617e-11	
  -1.0627432e-11	
  -1.0587456e-11	
  -1.0546752e-11	
  -1.0505379e-11	
  -1.0463393e-11	
  -1.0420846e-11	
  -1.0377788e-11	
  -1.0334263e-11	
  -1.0290316e-11	
  -1.0245987e-11	
  -1.0201314e-11	
  -1.0156333e-11	
  -1.0111077e-11	
  -1.0065579e-11	
  -1.0019868e-11	
  -9.9739712e-12	
  -9.9279153e-12	
  -9.8817246e-12	
  -9.8354220e-12	
  -9.7890290e-12	
  -9.7425657e-12	
  -9.6960512e-12	
  -9.6495030e-12	
  -9.6029379e-12	
  -9.5563711e-12	
  -9.5098174e-12	
  -9.4632904e-12	
  -9.4168027e-12	
  -9.3703662e-12	
  -9.3239921e-12	
  -9.2776908e-12	
  -9.2314719e-12	
  -9.1853446e-12	
  -9.1393173e-12	
  -9.0933978e-12	
  -9.0475935e-12	
  -9.0019113e-12	
  -8.9563575e-12	
  -8.9109380e-12	
  -8.8656583e-12	
  -8.8205236e-12	
  -8.7755386e-12	
  -8.7307075e-12	
  -8.6860346e-12	
  -8.6415236e-12	
  -8.5971778e-12	
  -8.5530005e-12	
  -8.5089947e-12	
  -8.4651630e-12	
  -8.4215078e-12	
  -8.3780314e-12	
  -8.3347360e-12	
  -8.2916232e-12	
  -8.2486949e-12	
  -8.2059526e-12	
  -8.1633976e-12	
  -8.1210311e-12	
  -8.0788542e-12	
  -8.0368680e-12	
  -7.9950731e-12	
  -7.9534704e-12	
  -7.9120605e-12	
  -7.8708439e-12	
  -7.8298210e-12	
  -7.7889921e-12	
  -7.7483576e-12	
  -7.7079175e-12	
  -7.6676721e-12	
  -7.6276213e-12	
  -7.5877651e-12	
  -7.5481034e-12	
  -7.5086362e-12	
  -7.4693632e-12	
  -7.4302841e-12	
  -7.3913988e-12	
  -7.3527069e-12	
  -7.3142079e-12	
  -7.2759016e-12	
  -7.2377875e-12	
  -7.1998651e-12	
  -7.1621339e-12	
  -7.1245934e-12	
  -7.0872431e-12	
  -7.0500824e-12	
  -7.0131106e-12	
  -6.9763272e-12	
  -6.9397316e-12	
  -6.9033231e-12	
  -6.8671009e-12	
  -6.8310646e-12	
  -6.7952132e-12	
  -6.7595462e-12	
  -6.7240628e-12	
  -6.6887623e-12	
  -6.6536439e-12	
  -6.6187069e-12	
  -6.5839505e-12	
  -6.5493740e-12	
  -6.5149765e-12	
  -6.4807574e-12	
  -6.4467158e-12	
  -6.4128509e-12	
  -6.3791619e-12	
  -6.3456481e-12	
  -6.3123086e-12	
  -6.2791426e-12	
  -6.2461494e-12	
  -6.2133280e-12	
  -6.1806778e-12	
  -6.1481979e-12	
  -6.1158874e-12	
  -6.0837456e-12	
  -6.0517717e-12	
  -6.0199648e-12	
  -5.9883241e-12	
  -5.9568489e-12	
  -5.9255382e-12	
  -5.8943913e-12	
  -5.8634074e-12	
  -5.8325857e-12	
  -5.8019253e-12	
  -5.7714255e-12	
  -5.7410855e-12	
  -5.7109043e-12	
  -5.6808814e-12	
  -5.6510158e-12	
  -5.6213067e-12	
  -5.5917534e-12	
  -5.5623551e-12	
  -5.5331109e-12	
  -5.5040202e-12	
  -5.4750820e-12	
  -5.4462957e-12	
  -5.4176604e-12	
  -5.3891755e-12	
  -5.3608400e-12	
  -5.3326532e-12	
  -5.3046144e-12	
  -5.2767229e-12	
  -5.2489777e-12	
  -5.2213783e-12	
  -5.1939238e-12	
  -5.1666135e-12	
  -5.1394466e-12	
  -5.1124224e-12	
  -5.0855402e-12	
  -5.0587992e-12	
  -5.0321987e-12	
  -5.0057379e-12	
  -4.9794162e-12	
  -4.9532327e-12	
  -4.9271869e-12	
  -4.9012779e-12	
  -4.8755050e-12	
  -4.8498676e-12	
  -4.8243649e-12	
  -4.7989963e-12	
  -4.7737610e-12	
  -4.7486583e-12	
  -4.7236876e-12	
  -4.6988481e-12	
  -4.6741391e-12	
  -4.6495601e-12	
  -4.6251103e-12	
  -4.6007889e-12	
  -4.5765955e-12	
  -4.5525292e-12	
  -4.5285894e-12	
  -4.5047755e-12	
  -4.4810868e-12	
  -4.4575226e-12	
  -4.4340823e-12	
  -4.4107653e-12	
  -4.3875708e-12	
  -4.3644983e-12	
  -4.3415470e-12	
  -4.3187165e-12	
  -4.2960060e-12	
  -4.2734149e-12	
  -4.2509425e-12	
  -4.2285884e-12	
  -4.2063517e-12	
  -4.1842320e-12	
  -4.1622286e-12	
  -4.1403409e-12	
  -4.1185683e-12	
  -4.0969101e-12	
  -4.0753658e-12	
  -4.0539349e-12	
  -4.0326166e-12	
  -4.0114104e-12	
  -3.9903157e-12	
  -3.9693319e-12	
  -3.9484585e-12	
  -3.9276948e-12	
  -3.9070403e-12	
  -3.8864945e-12	
  -3.8660566e-12	
  -3.8457263e-12	
  -3.8255028e-12	
  -3.8053857e-12	
  -3.7853743e-12	
  -3.7654682e-12	
  -3.7456668e-12	
  -3.7259695e-12	
  -3.7063758e-12	
  -3.6868851e-12	
  -3.6674969e-12	
  -3.6482106e-12	
  -3.6290258e-12	
  -3.6099419e-12	
  -3.5909583e-12	
  -3.5720745e-12	
  -3.5532901e-12	
  -3.5346044e-12	
  -3.5160170e-12	
  -3.4975273e-12	
  -3.4791348e-12	
  -3.4608391e-12	
  -3.4426396e-12	
  -3.4245358e-12	
  -3.4065272e-12	
  -3.3886132e-12	
  -3.3707935e-12	
  -3.3530675e-12	
  -3.3354347e-12	
  -3.3178947e-12	
  -3.3004468e-12	
  -3.2830908e-12	
  -3.2658260e-12	
  -3.2486520e-12	
  -3.2315682e-12	
  -3.2145744e-12	
  -3.1976699e-12	
  -3.1808543e-12	
  -3.1641271e-12	
  -3.1474879e-12	
  -3.1309362e-12	
  -3.1144715e-12	
  -3.0980934e-12	
  -3.0818014e-12	
  -3.0655951e-12	
  -3.0494741e-12	
  -3.0334378e-12	
  -3.0174858e-12	
  -3.0016177e-12	
  -2.9858331e-12	
  -2.9701315e-12	
  -2.9545124e-12	
  -2.9389755e-12	
  -2.9235203e-12	
  -2.9081464e-12	
  -2.8928533e-12	
  -2.8776406e-12	
  -2.8625079e-12	
  -2.8474548e-12	
  -2.8324809e-12	
  -2.8175857e-12	
  -2.8027689e-12	
  -2.7880299e-12	
  -2.7733685e-12	
  -2.7587841e-12	
  -2.7442765e-12	
  -2.7298451e-12	
  -2.7154897e-12	
  -2.7012097e-12	
  -2.6870048e-12	
  -2.6728747e-12	
  -2.6588188e-12	
  -2.6448368e-12	
  -2.6309284e-12	
  -2.6170931e-12	
  -2.6033306e-12	
  -2.5896404e-12	
  -2.5760223e-12	
  -2.5624757e-12	
  -2.5490004e-12	
  -2.5355959e-12	
  -2.5222620e-12	
  -2.5089981e-12	
  -2.4958041e-12	
  -2.4826793e-12	
  -2.4696237e-12	
  -2.4566366e-12	
  -2.4437179e-12	
  -2.4308671e-12	
  -2.4180839e-12	
  -2.4053679e-12	
  -2.3927187e-12	
  -2.3801361e-12	
  -2.3676197e-12	
  -2.3551691e-12	
  -2.3427839e-12	
  -2.3304639e-12	
  -2.3182086e-12	
  -2.3060179e-12	
  -2.2938912e-12	
  -2.2818283e-12	
  -2.2698288e-12	
  -2.2578924e-12	
  -2.2460188e-12	
  -2.2342077e-12	
  -2.2224586e-12	
  -2.2107714e-12	
  -2.1991456e-12	
  -2.1875809e-12	
  -2.1760770e-12	
  -2.1646337e-12	
  -2.1532505e-12	
  -2.1419272e-12	
  -2.1306634e-12	
  -2.1194589e-12	
  -2.1083133e-12	
  -2.0972262e-12	
  -2.0861975e-12	
  -2.0752268e-12	
  -2.0643138e-12	
  -2.0534582e-12	
  -2.0426597e-12	
  -2.0319179e-12	
  -2.0212326e-12	
  -2.0106036e-12	
  -2.0000304e-12	
  -1.9895128e-12	
  -1.9790505e-12	
  -1.9686433e-12	
  -1.9582908e-12	
  -1.9479927e-12	
  -1.9377488e-12	
  -1.9275587e-12	
  -1.9174222e-12	
  -1.9073391e-12	
  -1.8973089e-12	
  -1.8873315e-12	
  -1.8774066e-12	
  -1.8675339e-12	
  -1.8577130e-12	
  -1.8479439e-12	
  -1.8382261e-12	
  -1.8285594e-12	
  -1.8189435e-12	
  -1.8093782e-12	
  -1.7998632e-12	
  -1.7903983e-12	
  -1.7809831e-12	
  -1.7716174e-12	
  -1.7623010e-12	
  -1.7530336e-12	
  -1.7438149e-12	
  -1.7346446e-12	
  -1.7255226e-12	
  -1.7164486e-12	
  -1.7074223e-12	
  -1.6984435e-12	
  -1.6895119e-12	
  -1.6806272e-12	
  -1.6717893e-12	
  -1.6629978e-12	
  -1.6542526e-12	
  -1.6455534e-12	
  -1.6368999e-12	
  -1.6282919e-12	
  -1.6197292e-12	
  -1.6112115e-12	
  -1.6027386e-12	
  -1.5943103e-12	
  -1.5859263e-12	
  -1.5775863e-12	
  -1.5692903e-12	
  -1.5610378e-12	
  -1.5528288e-12	
