  -0.0000000e+00	
  -6.7209854e-12	
  -1.2420894e-11	
  -1.7241472e-11	
  -2.1304965e-11	
  -2.4716795e-11	
  -2.7567877e-11	
  -2.9936610e-11	
  -3.1890599e-11	
  -3.3488137e-11	
  -3.4779489e-11	
  -3.5807990e-11	
  -3.6611005e-11	
  -3.7220742e-11	
  -3.7664966e-11	
  -3.7967608e-11	
  -3.8149295e-11	
  -3.8227799e-11	
  -3.8218435e-11	
  -3.8134395e-11	
  -3.7987045e-11	
  -3.7786168e-11	
  -3.7540190e-11	
  -3.7256364e-11	
  -3.6940928e-11	
  -3.6599251e-11	
  -3.6235946e-11	
  -3.5854980e-11	
  -3.5459759e-11	
  -3.5053207e-11	
  -3.4637832e-11	
  -3.4215784e-11	
  -3.3788904e-11	
  -3.3358765e-11	
  -3.2926713e-11	
  -3.2493895e-11	
  -3.2061287e-11	
  -3.1629718e-11	
  -3.1199893e-11	
  -3.0772404e-11	
  -3.0347754e-11	
  -2.9926361e-11	
  -2.9508576e-11	
  -2.9094690e-11	
  -2.8684942e-11	
  -2.8279527e-11	
  -2.7878603e-11	
  -2.7482295e-11	
  -2.7090698e-11	
  -2.6703887e-11	
  -2.6321914e-11	
  -2.5944814e-11	
  -2.5572607e-11	
  -2.5205300e-11	
  -2.4842890e-11	
  -2.4485364e-11	
  -2.4132701e-11	
  -2.3784874e-11	
  -2.3441851e-11	
  -2.3103594e-11	
  -2.2770062e-11	
  -2.2441211e-11	
  -2.2116992e-11	
  -2.1797358e-11	
  -2.1482257e-11	
  -2.1171636e-11	
  -2.0865443e-11	
  -2.0563622e-11	
  -2.0266120e-11	
  -1.9972880e-11	
  -1.9683848e-11	
  -1.9398968e-11	
  -1.9118184e-11	
  -1.8841442e-11	
  -1.8568686e-11	
  -1.8299861e-11	
  -1.8034914e-11	
  -1.7773790e-11	
  -1.7516436e-11	
  -1.7262798e-11	
  -1.7012826e-11	
  -1.6766466e-11	
  -1.6523667e-11	
  -1.6284380e-11	
  -1.6048553e-11	
  -1.5816137e-11	
  -1.5587084e-11	
  -1.5361345e-11	
  -1.5138873e-11	
  -1.4919621e-11	
  -1.4703543e-11	
  -1.4490592e-11	
  -1.4280724e-11	
  -1.4073894e-11	
  -1.3870059e-11	
  -1.3669175e-11	
  -1.3471200e-11	
  -1.3276092e-11	
  -1.3083808e-11	
  -1.2894310e-11	
  -1.2707555e-11	
  -1.2523505e-11	
  -1.2342120e-11	
  -1.2163362e-11	
  -1.1987193e-11	
  -1.1813576e-11	
  -1.1642472e-11	
  -1.1473847e-11	
  -1.1307664e-11	
  -1.1143888e-11	
  -1.0982483e-11	
  -1.0823417e-11	
  -1.0666654e-11	
  -1.0512162e-11	
  -1.0359907e-11	
  -1.0209857e-11	
  -1.0061981e-11	
  -9.9162461e-12	
  -9.7726222e-12	
  -9.6310784e-12	
  -9.4915847e-12	
  -9.3541114e-12	
  -9.2186292e-12	
  -9.0851093e-12	
  -8.9535232e-12	
  -8.8238430e-12	
  -8.6960410e-12	
  -8.5700900e-12	
  -8.4459633e-12	
  -8.3236344e-12	
  -8.2030773e-12	
  -8.0842662e-12	
  -7.9671760e-12	
  -7.8517817e-12	
  -7.7380587e-12	
  -7.6259829e-12	
  -7.5155303e-12	
  -7.4066775e-12	
  -7.2994013e-12	
  -7.1936788e-12	
  -7.0894876e-12	
  -6.9868055e-12	
  -6.8856105e-12	
  -6.7858813e-12	
  -6.6875965e-12	
  -6.5907353e-12	
  -6.4952769e-12	
  -6.4012011e-12	
  -6.3084879e-12	
  -6.2171176e-12	
  -6.1270706e-12	
  -6.0383278e-12	
  -5.9508704e-12	
  -5.8646797e-12	
  -5.7797373e-12	
  -5.6960252e-12	
  -5.6135256e-12	
  -5.5322209e-12	
  -5.4520937e-12	
  -5.3731271e-12	
  -5.2953043e-12	
  -5.2186086e-12	
  -5.1430237e-12	
  -5.0685336e-12	
  -4.9951224e-12	
  -4.9227745e-12	
  -4.8514744e-12	
  -4.7812070e-12	
  -4.7119573e-12	
  -4.6437107e-12	
  -4.5764525e-12	
  -4.5101684e-12	
  -4.4448444e-12	
  -4.3804665e-12	
  -4.3170211e-12	
  -4.2544946e-12	
  -4.1928737e-12	
