  -7.6165242e-12	
  -2.6651232e-12	
   9.4281679e-13	
   3.0663919e-12	
   4.1975086e-12	
   4.6764069e-12	
   4.1992167e-12	
   3.9084090e-12	
   3.1064032e-12	
   1.5376648e-12	
   1.3815076e-12	
   7.4129606e-13	
  -1.6119151e-12	
  -1.8910685e-12	
  -3.4986886e-12	
  -3.3052026e-12	
  -4.5366079e-12	
  -5.2406887e-12	
  -5.2511630e-12	
  -4.4074999e-12	
  -3.7576383e-12	
  -4.5091887e-12	
  -3.6645507e-12	
  -2.8136181e-12	
  -1.9634257e-12	
  -2.1948580e-12	
  -1.1723229e-12	
  -6.8655173e-13	
  -1.1118396e-12	
  -1.7295327e-12	
  -1.4034693e-12	
  -5.5464500e-13	
  -2.1986601e-13	
  -5.5442816e-14	
  -4.5873597e-13	
  -3.5675084e-13	
   7.5169817e-14	
   6.9614085e-13	
   6.4401313e-13	
   9.6283438e-13	
   9.1248522e-13	
   1.6153189e-12	
   2.0041596e-12	
   2.7051685e-12	
   2.3497127e-12	
   2.0355219e-12	
   2.6281048e-12	
   1.7458000e-12	
   1.3076342e-12	
   8.7642397e-13	
   9.7577425e-13	
   1.4910315e-13	
   3.6293843e-13	
   7.8900151e-13	
   5.2733980e-13	
   1.9089954e-13	
   1.4129059e-12	
   4.7882995e-13	
   1.0073211e-12	
   1.6082342e-12	
   2.1553977e-12	
   2.7619160e-12	
   2.6298903e-12	
   2.6487622e-12	
   1.9061395e-12	
   2.0485651e-12	
   1.8043927e-12	
   2.1874518e-12	
   2.7458775e-12	
   2.8613110e-12	
   1.6451307e-12	
   2.5384235e-12	
   2.3420168e-12	
   1.8104401e-12	
   1.2316966e-12	
   1.9040060e-12	
   1.9982609e-12	
   1.2986646e-12	
   1.6971280e-12	
   2.1914415e-12	
   1.7233530e-12	
   1.1492479e-12	
   1.4981983e-12	
   1.7457056e-12	
   2.3840146e-12	
   2.8160931e-12	
   2.5144314e-12	
   1.9807424e-12	
   1.4562897e-12	
   1.6233977e-12	
   1.4218718e-12	
   8.1552776e-13	
   6.7630463e-13	
   5.7144288e-13	
   5.5875778e-13	
   5.6150539e-13	
   5.2179550e-13	
  -7.8795035e-14	
   4.2533747e-14	
   4.5667344e-14	
   3.7917106e-13	
   5.4637558e-13	
   2.3665428e-13	
  -9.9082215e-14	
  -3.3441924e-13	
  -4.4306767e-13	
  -9.1811055e-13	
  -5.9531118e-13	
  -5.6957745e-13	
  -3.3349559e-13	
  -2.7943245e-13	
  -6.0377615e-13	
  -5.7824859e-13	
  -1.7473464e-13	
  -9.1232295e-14	
  -1.8421648e-13	
  -4.3053846e-13	
  -5.1397833e-13	
  -5.4859048e-13	
  -4.2598874e-13	
  -1.4662523e-12	
  -1.5952055e-12	
  -1.2287039e-12	
  -1.4120130e-12	
  -1.1119734e-12	
  -7.0222792e-13	
  -5.3338960e-13	
  -3.1887938e-13	
   1.4304622e-14	
  -5.6226642e-14	
  -1.1911345e-13	
  -3.9307413e-13	
   3.9976319e-14	
  -5.5852721e-13	
  -5.7009752e-13	
  -1.3177526e-12	
  -1.5655754e-12	
  -1.3881511e-12	
  -1.2994686e-12	
  -9.2190275e-13	
  -5.4973629e-13	
  -5.3853513e-13	
  -7.0786912e-13	
  -5.7752025e-13	
  -9.1469208e-13	
  -9.3513183e-13	
  -1.2848313e-12	
  -1.5220894e-12	
  -1.4840248e-12	
  -1.2452149e-12	
  -1.4254600e-12	
  -1.3887476e-12	
  -1.9274648e-12	
  -2.3343503e-12	
  -2.9567491e-12	
  -3.2078169e-12	
  -3.0938044e-12	
  -3.0811869e-12	
  -2.6602456e-12	
  -2.1422418e-12	
  -2.3225279e-12	
  -2.1217853e-12	
  -2.1474078e-12	
  -2.2019139e-12	
  -1.9867189e-12	
  -1.8118488e-12	
  -2.0202354e-12	
  -2.1889935e-12	
  -2.5393520e-12	
  -3.1992925e-12	
  -3.4246464e-12	
  -3.0787281e-12	
  -2.6863054e-12	
  -3.1032684e-12	
  -2.9513306e-12	
  -2.4557714e-12	
  -2.4238772e-12	
