   0.0000000e+00	   4.9322655e-13	
   5.0000000e-05	   6.2068016e-13	
   1.0000000e-04	   7.0147078e-13	
   1.5000000e-04	   7.4226996e-13	
   2.0000000e-04	   6.3588566e-13	
   2.5000000e-04	   5.9986955e-13	
   3.0000000e-04	   6.9442139e-13	
   3.5000000e-04	   7.0982732e-13	
   4.0000000e-04	   9.5361588e-13	
   4.5000000e-04	   7.3374770e-13	
   5.0000000e-04	   9.7740175e-13	
   5.5000000e-04	   1.0307371e-12	
   6.0000000e-04	   1.1622773e-12	
   6.5000000e-04	   7.6170884e-13	
   7.0000000e-04	   5.6390352e-13	
   7.5000000e-04	   9.6984877e-13	
   8.0000000e-04	   8.4247193e-13	
   8.5000000e-04	   6.6323260e-13	
   9.0000000e-04	   7.6802236e-13	
   9.5000000e-04	   1.4386053e-12	
   1.0000000e-03	   1.5677071e-12	
   1.0500000e-03	   1.5381988e-12	
   1.1000000e-03	   9.4125532e-13	
   1.1500000e-03	   5.6907040e-13	
   1.2000000e-03	   4.2802177e-13	
   1.2500000e-03	   6.5470784e-13	
   1.3000000e-03	   5.0543077e-13	
   1.3500000e-03	   5.9173586e-13	
   1.4000000e-03	   7.6198119e-13	
   1.4500000e-03	   3.3665757e-13	
   1.5000000e-03	   5.1556589e-13	
   1.5500000e-03	   8.8593629e-13	
   1.6000000e-03	   8.6743720e-13	
   1.6500000e-03	   1.7391024e-12	
   1.7000000e-03	   1.7285672e-12	
   1.7500000e-03	   1.3246680e-12	
   1.8000000e-03	   9.8963589e-13	
   1.8500000e-03	   5.2704466e-13	
   1.9000000e-03	   1.0712611e-13	
   1.9500000e-03	  -1.9800654e-13	
   2.0000000e-03	   6.6107276e-14	
   2.0500000e-03	  -1.5243449e-13	
   2.1000000e-03	   1.5003753e-13	
   2.1500000e-03	  -4.7176672e-14	
   2.2000000e-03	   2.5791869e-14	
   2.2500000e-03	   2.6537886e-13	
   2.3000000e-03	   4.5886038e-13	
   2.3500000e-03	   7.4151666e-13	
   2.4000000e-03	   9.3168615e-13	
   2.4500000e-03	   1.0474062e-12	
   2.5000000e-03	   1.0314826e-12	
   2.5500000e-03	   6.3133570e-13	
   2.6000000e-03	   5.8596270e-13	
   2.6500000e-03	   1.0404178e-13	
   2.7000000e-03	  -8.7270035e-14	
   2.7500000e-03	  -3.4651752e-13	
   2.8000000e-03	  -3.1268607e-13	
   2.8500000e-03	  -2.0155275e-13	
   2.9000000e-03	   3.2965644e-13	
   2.9500000e-03	   1.8087441e-13	
   3.0000000e-03	   3.7073502e-13	
   3.0500000e-03	   4.8727960e-13	
   3.1000000e-03	   4.6863446e-13	
   3.1500000e-03	   1.5180392e-13	
   3.2000000e-03	   2.0978287e-13	
   3.2500000e-03	   3.5901924e-13	
   3.3000000e-03	   4.9395557e-13	
   3.3500000e-03	   1.2090849e-13	
   3.4000000e-03	   2.4981146e-13	
   3.4500000e-03	   5.9902604e-14	
   3.5000000e-03	   2.1739923e-13	
   3.5500000e-03	   9.8653724e-15	
   3.6000000e-03	   7.3531545e-13	
   3.6500000e-03	   8.4223795e-13	
   3.7000000e-03	   6.4321378e-13	
   3.7500000e-03	  -8.5595593e-14	
   3.8000000e-03	  -1.2577114e-13	
   3.8500000e-03	   3.3229062e-13	
   3.9000000e-03	   2.8752261e-13	
   3.9500000e-03	  -2.3180850e-13	
   4.0000000e-03	  -4.2431423e-13	
   4.0500000e-03	  -6.7762002e-13	
   4.1000000e-03	  -9.5221715e-13	
   4.1500000e-03	  -6.9549184e-13	
   4.2000000e-03	  -5.4157330e-13	
   4.2500000e-03	  -7.1077129e-13	
   4.3000000e-03	  -6.2487233e-13	
   4.3500000e-03	  -6.6626002e-13	
   4.4000000e-03	  -2.7007931e-13	
   4.4500000e-03	   3.0455239e-14	
   4.5000000e-03	   2.5886411e-15	
   4.5500000e-03	   1.1807959e-13	
   4.6000000e-03	   4.2797797e-13	
   4.6500000e-03	   9.1542225e-14	
   4.7000000e-03	   2.5030412e-13	
   4.7500000e-03	   3.4821234e-13	
   4.8000000e-03	   6.5350850e-13	
   4.8500000e-03	   4.6976724e-13	
   4.9000000e-03	   7.6496101e-13	
   4.9500000e-03	   2.2118830e-13	
   5.0000000e-03	   1.6195378e-14	
   5.0500000e-03	  -3.9472391e-13	
   5.1000000e-03	  -3.9366394e-13	
   5.1500000e-03	  -4.9057243e-13	
   5.2000000e-03	  -6.6690165e-13	
   5.2500000e-03	  -5.8946831e-13	
   5.3000000e-03	  -8.7022750e-13	
   5.3500000e-03	  -4.7060641e-13	
   5.4000000e-03	  -4.4591631e-13	
   5.4500000e-03	  -7.6778384e-13	
   5.5000000e-03	  -7.0486499e-13	
   5.5500000e-03	  -5.9974898e-13	
   5.6000000e-03	  -7.1918513e-13	
   5.6500000e-03	  -8.5769846e-13	
   5.7000000e-03	  -4.4958048e-13	
   5.7500000e-03	  -2.6853129e-13	
   5.8000000e-03	  -1.4868922e-13	
   5.8500000e-03	  -2.3983842e-13	
   5.9000000e-03	  -5.8445165e-13	
   5.9500000e-03	  -5.0978275e-13	
   6.0000000e-03	  -3.2720029e-14	
   6.0500000e-03	   3.4457441e-13	
   6.1000000e-03	   2.2683765e-13	
   6.1500000e-03	   3.3087812e-13	
   6.2000000e-03	   1.6871427e-13	
   6.2500000e-03	   5.2054823e-14	
   6.3000000e-03	  -4.0279238e-13	
   6.3500000e-03	  -4.3410761e-13	
   6.4000000e-03	  -3.0061110e-13	
   6.4500000e-03	  -3.4638178e-13	
   6.5000000e-03	  -1.7592091e-13	
   6.5500000e-03	  -3.1964622e-13	
   6.6000000e-03	   5.0978319e-14	
   6.6500000e-03	  -2.8850186e-14	
   6.7000000e-03	  -2.4164221e-13	
   6.7500000e-03	  -1.3407699e-13	
   6.8000000e-03	   3.6204546e-14	
   6.8500000e-03	   2.6506358e-13	
   6.9000000e-03	   4.2136607e-13	
   6.9500000e-03	   3.0790127e-13	
   7.0000000e-03	  -1.0971259e-14	
   7.0500000e-03	   2.3593801e-13	
   7.1000000e-03	   8.0887120e-14	
   7.1500000e-03	   2.4346172e-13	
   7.2000000e-03	   3.5074070e-13	
   7.2500000e-03	  -2.1793591e-13	
   7.3000000e-03	  -1.3396597e-13	
   7.3500000e-03	  -1.3432137e-13	
   7.4000000e-03	  -2.4300874e-14	
   7.4500000e-03	  -9.9019751e-14	
   7.5000000e-03	   9.5167364e-14	
   7.5500000e-03	   8.0810358e-14	
   7.6000000e-03	   2.5740955e-13	
   7.6500000e-03	   1.0283820e-13	
   7.7000000e-03	  -3.6692090e-13	
   7.7500000e-03	   4.5061177e-14	
   7.8000000e-03	  -7.5386745e-15	
   7.8500000e-03	  -3.0707641e-13	
   7.9000000e-03	  -3.3298581e-13	
   7.9500000e-03	  -1.3806924e-13	
   8.0000000e-03	  -8.6051652e-13	
   8.0500000e-03	  -6.7526757e-13	
   8.1000000e-03	  -5.5720728e-13	
   8.1500000e-03	  -6.4229438e-13	
   8.2000000e-03	  -7.0943642e-13	
   8.2500000e-03	  -4.9665393e-13	
   8.3000000e-03	  -6.3170476e-13	
   8.3500000e-03	  -5.8186268e-13	
   8.4000000e-03	  -7.2105191e-13	
   8.4500000e-03	  -3.0929729e-13	
   8.5000000e-03	  -2.0240927e-13	
   8.5500000e-03	  -2.5630518e-13	
   8.6000000e-03	  -2.7455295e-13	
   8.6500000e-03	  -6.4997400e-13	
   8.7000000e-03	  -3.2105893e-13	
   8.7500000e-03	  -4.1713247e-13	
   8.8000000e-03	  -7.1719106e-13	
   8.8500000e-03	  -8.0389883e-13	
   8.9000000e-03	  -7.3864309e-13	
   8.9500000e-03	  -7.6551265e-13	
   9.0000000e-03	  -9.2432659e-13	
   9.0500000e-03	  -5.1232543e-13	
   9.1000000e-03	  -7.4938927e-13	
   9.1500000e-03	  -5.4958121e-13	
   9.2000000e-03	  -8.0360458e-13	
   9.2500000e-03	  -5.8392874e-13	
   9.3000000e-03	  -9.5555161e-13	
   9.3500000e-03	  -1.2521994e-12	
   9.4000000e-03	  -1.4049881e-12	
   9.4500000e-03	  -1.5084429e-12	
   9.5000000e-03	  -1.3116474e-12	
   9.5500000e-03	  -1.3443311e-12	
   9.6000000e-03	  -1.2632612e-12	
   9.6500000e-03	  -1.2243843e-12	
   9.7000000e-03	  -1.8584327e-12	
   9.7500000e-03	  -2.3092266e-12	
   9.8000000e-03	  -2.7669425e-12	
   9.8500000e-03	  -4.1956411e-12	
   9.9000000e-03	  -5.0371291e-12	
   9.9500000e-03	  -5.9033035e-12	
   1.0000000e-02	  -7.6920731e-12	
   1.0050000e-02	  -9.6207525e-12	
   1.0100000e-02	  -1.1763798e-11	
   1.0150000e-02	  -1.3909996e-11	
   1.0200000e-02	  -1.5979689e-11	
   1.0250000e-02	  -1.8640448e-11	
   1.0300000e-02	  -2.0663547e-11	
   1.0350000e-02	  -2.2933387e-11	
   1.0400000e-02	  -2.4880003e-11	
   1.0450000e-02	  -2.6277194e-11	
   1.0500000e-02	  -2.8083882e-11	
   1.0550000e-02	  -3.0491906e-11	
   1.0600000e-02	  -3.2285916e-11	
   1.0650000e-02	  -3.3766429e-11	
   1.0700000e-02	  -3.5150897e-11	
   1.0750000e-02	  -3.6005546e-11	
   1.0800000e-02	  -3.6695549e-11	
   1.0850000e-02	  -3.7351015e-11	
   1.0900000e-02	  -3.7480337e-11	
   1.0950000e-02	  -3.8195572e-11	
   1.1000000e-02	  -3.8326528e-11	
   1.1050000e-02	  -3.7989125e-11	
   1.1100000e-02	  -3.7386998e-11	
   1.1150000e-02	  -3.7193328e-11	
   1.1200000e-02	  -3.7508566e-11	
   1.1250000e-02	  -3.7410495e-11	
   1.1300000e-02	  -3.6912449e-11	
   1.1350000e-02	  -3.6468471e-11	
   1.1400000e-02	  -3.6415550e-11	
   1.1450000e-02	  -3.5593602e-11	
   1.1500000e-02	  -3.4853676e-11	
   1.1550000e-02	  -3.4637083e-11	
   1.1600000e-02	  -3.4172434e-11	
   1.1650000e-02	  -3.4254471e-11	
   1.1700000e-02	  -3.2904167e-11	
   1.1750000e-02	  -3.2496945e-11	
   1.1800000e-02	  -3.1906900e-11	
   1.1850000e-02	  -3.0610175e-11	
   1.1900000e-02	  -2.9518819e-11	
   1.1950000e-02	  -2.9796597e-11	
   1.2000000e-02	  -2.8850113e-11	
   1.2050000e-02	  -2.8029822e-11	
   1.2100000e-02	  -2.7917756e-11	
   1.2150000e-02	  -2.7004759e-11	
   1.2200000e-02	  -2.6643270e-11	
   1.2250000e-02	  -2.6106397e-11	
   1.2300000e-02	  -2.5674631e-11	
   1.2350000e-02	  -2.5534860e-11	
   1.2400000e-02	  -2.5104693e-11	
   1.2450000e-02	  -2.5231239e-11	
   1.2500000e-02	  -2.4992387e-11	
   1.2550000e-02	  -2.4265362e-11	
   1.2600000e-02	  -2.4014999e-11	
   1.2650000e-02	  -2.3789568e-11	
   1.2700000e-02	  -2.3119411e-11	
   1.2750000e-02	  -2.2644241e-11	
   1.2800000e-02	  -2.2528333e-11	
   1.2850000e-02	  -2.1704291e-11	
   1.2900000e-02	  -2.2249800e-11	
   1.2950000e-02	  -2.2194955e-11	
   1.3000000e-02	  -2.1909027e-11	
   1.3050000e-02	  -2.1171162e-11	
   1.3100000e-02	  -2.0333949e-11	
   1.3150000e-02	  -1.9788934e-11	
   1.3200000e-02	  -1.9596235e-11	
   1.3250000e-02	  -1.9388601e-11	
   1.3300000e-02	  -1.9702759e-11	
   1.3350000e-02	  -1.9267971e-11	
   1.3400000e-02	  -1.8151324e-11	
   1.3450000e-02	  -1.7789133e-11	
   1.3500000e-02	  -1.7204118e-11	
   1.3550000e-02	  -1.7601470e-11	
   1.3600000e-02	  -1.7790994e-11	
   1.3650000e-02	  -1.7669674e-11	
   1.3700000e-02	  -1.8017934e-11	
   1.3750000e-02	  -1.7689538e-11	
   1.3800000e-02	  -1.7502807e-11	
   1.3850000e-02	  -1.7010584e-11	
   1.3900000e-02	  -1.6895432e-11	
   1.3950000e-02	  -1.6165825e-11	
   1.4000000e-02	  -1.5758141e-11	
   1.4050000e-02	  -1.5353377e-11	
   1.4100000e-02	  -1.5153531e-11	
   1.4150000e-02	  -1.4701892e-11	
   1.4200000e-02	  -1.4500113e-11	
   1.4250000e-02	  -1.4388632e-11	
   1.4300000e-02	  -1.4093312e-11	
   1.4350000e-02	  -1.3972646e-11	
   1.4400000e-02	  -1.4359766e-11	
   1.4450000e-02	  -1.3732446e-11	
   1.4500000e-02	  -1.3728937e-11	
   1.4550000e-02	  -1.3701727e-11	
   1.4600000e-02	  -1.3333254e-11	
   1.4650000e-02	  -1.3147248e-11	
   1.4700000e-02	  -1.2933313e-11	
   1.4750000e-02	  -1.3056488e-11	
   1.4800000e-02	  -1.2721539e-11	
   1.4850000e-02	  -1.3589932e-11	
   1.4900000e-02	  -1.3724517e-11	
   1.4950000e-02	  -1.3288309e-11	
   1.5000000e-02	  -1.3214165e-11	
   1.5050000e-02	  -1.3570827e-11	
   1.5100000e-02	  -1.3870380e-11	
   1.5150000e-02	  -1.3522529e-11	
   1.5200000e-02	  -1.3212409e-11	
   1.5250000e-02	  -1.2706487e-11	
   1.5300000e-02	  -1.2035572e-11	
   1.5350000e-02	  -1.2073986e-11	
   1.5400000e-02	  -1.1697340e-11	
   1.5450000e-02	  -1.1414566e-11	
   1.5500000e-02	  -1.1399042e-11	
   1.5550000e-02	  -1.1423067e-11	
   1.5600000e-02	  -1.1342401e-11	
   1.5650000e-02	  -1.1717759e-11	
   1.5700000e-02	  -1.1540016e-11	
   1.5750000e-02	  -1.1549961e-11	
   1.5800000e-02	  -1.1493567e-11	
   1.5850000e-02	  -1.1355298e-11	
   1.5900000e-02	  -1.1212354e-11	
   1.5950000e-02	  -1.1364710e-11	
   1.6000000e-02	  -1.0387519e-11	
   1.6050000e-02	  -9.9195999e-12	
   1.6100000e-02	  -9.8616879e-12	
   1.6150000e-02	  -1.0059839e-11	
   1.6200000e-02	  -1.0128210e-11	
   1.6250000e-02	  -1.0019562e-11	
   1.6300000e-02	  -9.8293804e-12	
   1.6350000e-02	  -9.9569450e-12	
   1.6400000e-02	  -1.0172089e-11	
   1.6450000e-02	  -1.0441297e-11	
   1.6500000e-02	  -9.8320380e-12	
   1.6550000e-02	  -9.2162103e-12	
   1.6600000e-02	  -8.8574465e-12	
   1.6650000e-02	  -8.8875876e-12	
   1.6700000e-02	  -9.0179739e-12	
   1.6750000e-02	  -8.7066673e-12	
   1.6800000e-02	  -8.5767157e-12	
   1.6850000e-02	  -7.9028797e-12	
   1.6900000e-02	  -7.8906788e-12	
   1.6950000e-02	  -8.3352136e-12	
   1.7000000e-02	  -8.4553397e-12	
   1.7050000e-02	  -8.6471863e-12	
   1.7100000e-02	  -8.9131224e-12	
   1.7150000e-02	  -8.8412463e-12	
   1.7200000e-02	  -8.3435101e-12	
   1.7250000e-02	  -8.3288688e-12	
   1.7300000e-02	  -8.5677559e-12	
   1.7350000e-02	  -8.4779458e-12	
   1.7400000e-02	  -7.8558783e-12	
   1.7450000e-02	  -7.6359127e-12	
   1.7500000e-02	  -8.1586152e-12	
   1.7550000e-02	  -8.4949224e-12	
   1.7600000e-02	  -8.5631771e-12	
   1.7650000e-02	  -8.1658534e-12	
   1.7700000e-02	  -8.2703714e-12	
   1.7750000e-02	  -8.2344348e-12	
   1.7800000e-02	  -8.1167599e-12	
   1.7850000e-02	  -7.6464182e-12	
   1.7900000e-02	  -7.3431565e-12	
   1.7950000e-02	  -7.1360477e-12	
   1.8000000e-02	  -7.2895916e-12	
   1.8050000e-02	  -7.0760520e-12	
   1.8100000e-02	  -6.9580320e-12	
   1.8150000e-02	  -7.0115060e-12	
   1.8200000e-02	  -7.2668178e-12	
   1.8250000e-02	  -7.0202490e-12	
   1.8300000e-02	  -6.5739268e-12	
   1.8350000e-02	  -6.4880176e-12	
   1.8400000e-02	  -6.4178295e-12	
   1.8450000e-02	  -6.3765126e-12	
   1.8500000e-02	  -6.3232150e-12	
   1.8550000e-02	  -6.1875700e-12	
   1.8600000e-02	  -6.6141788e-12	
   1.8650000e-02	  -6.4190558e-12	
   1.8700000e-02	  -6.4909684e-12	
   1.8750000e-02	  -6.4164368e-12	
   1.8800000e-02	  -6.7979754e-12	
   1.8850000e-02	  -6.7134696e-12	
   1.8900000e-02	  -6.5586197e-12	
   1.8950000e-02	  -6.0094946e-12	
   1.9000000e-02	  -6.0456293e-12	
   1.9050000e-02	  -5.9910601e-12	
   1.9100000e-02	  -6.0216792e-12	
   1.9150000e-02	  -6.2099974e-12	
   1.9200000e-02	  -6.1190480e-12	
   1.9250000e-02	  -6.6612427e-12	
   1.9300000e-02	  -6.7449861e-12	
   1.9350000e-02	  -6.4023006e-12	
   1.9400000e-02	  -5.7450746e-12	
   1.9450000e-02	  -5.6645669e-12	
   1.9500000e-02	  -5.6918758e-12	
   1.9550000e-02	  -5.6792487e-12	
   1.9600000e-02	  -5.5574304e-12	
   1.9650000e-02	  -5.2709841e-12	
   1.9700000e-02	  -5.2980637e-12	
   1.9750000e-02	  -5.3083198e-12	
   1.9800000e-02	  -5.1282468e-12	
   1.9850000e-02	  -5.1917748e-12	
   1.9900000e-02	  -5.5574356e-12	
   1.9950000e-02	  -5.4406161e-12	
   2.0000000e-02	  -5.6435026e-12	
   2.0050000e-02	  -5.2719478e-12	
   2.0100000e-02	  -5.1631431e-12	
   2.0150000e-02	  -5.1607776e-12	
   2.0200000e-02	  -5.5739094e-12	
   2.0250000e-02	  -5.5665316e-12	
   2.0300000e-02	  -5.3065102e-12	
   2.0350000e-02	  -5.3450402e-12	
   2.0400000e-02	  -5.0497805e-12	
   2.0450000e-02	  -4.8333241e-12	
   2.0500000e-02	  -4.9206403e-12	
   2.0550000e-02	  -4.4594301e-12	
   2.0600000e-02	  -4.6401719e-12	
   2.0650000e-02	  -4.8244689e-12	
   2.0700000e-02	  -4.4500723e-12	
   2.0750000e-02	  -4.1864678e-12	
   2.0800000e-02	  -4.4220929e-12	
   2.0850000e-02	  -4.7567803e-12	
   2.0900000e-02	  -4.8285191e-12	
   2.0950000e-02	  -4.9941609e-12	
   2.1000000e-02	  -5.1163388e-12	
   2.1050000e-02	  -4.9264685e-12	
   2.1100000e-02	  -4.4984405e-12	
   2.1150000e-02	  -4.4971934e-12	
   2.1200000e-02	  -4.0427531e-12	
   2.1250000e-02	  -4.7056655e-12	
   2.1300000e-02	  -4.4359898e-12	
   2.1350000e-02	  -4.1732819e-12	
   2.1400000e-02	  -4.4537837e-12	
   2.1450000e-02	  -5.0408254e-12	
   2.1500000e-02	  -4.9521073e-12	
   2.1550000e-02	  -5.1064283e-12	
   2.1600000e-02	  -5.0186283e-12	
   2.1650000e-02	  -5.1578125e-12	
   2.1700000e-02	  -4.9961832e-12	
   2.1750000e-02	  -4.3382763e-12	
   2.1800000e-02	  -4.3756795e-12	
   2.1850000e-02	  -4.6070751e-12	
   2.1900000e-02	  -4.1419229e-12	
   2.1950000e-02	  -3.9234050e-12	
   2.2000000e-02	  -3.9093000e-12	
   2.2050000e-02	  -3.7391458e-12	
   2.2100000e-02	  -3.4121516e-12	
   2.2150000e-02	  -3.7670806e-12	
   2.2200000e-02	  -3.6679084e-12	
   2.2250000e-02	  -3.7474295e-12	
   2.2300000e-02	  -3.7180740e-12	
   2.2350000e-02	  -3.3963305e-12	
   2.2400000e-02	  -3.6270006e-12	
   2.2450000e-02	  -3.6489509e-12	
   2.2500000e-02	  -3.9399897e-12	
   2.2550000e-02	  -4.0577567e-12	
   2.2600000e-02	  -4.3328700e-12	
   2.2650000e-02	  -4.0171302e-12	
   2.2700000e-02	  -3.8863654e-12	
   2.2750000e-02	  -3.9517051e-12	
   2.2800000e-02	  -4.4197377e-12	
   2.2850000e-02	  -4.2477172e-12	
   2.2900000e-02	  -3.9152887e-12	
   2.2950000e-02	  -3.9886172e-12	
   2.3000000e-02	  -4.0253209e-12	
   2.3050000e-02	  -4.2187596e-12	
   2.3100000e-02	  -3.4732980e-12	
   2.3150000e-02	  -3.5718850e-12	
   2.3200000e-02	  -3.2550473e-12	
   2.3250000e-02	  -3.9295078e-12	
   2.3300000e-02	  -3.7775794e-12	
   2.3350000e-02	  -3.6993585e-12	
   2.3400000e-02	  -3.5287830e-12	
   2.3450000e-02	  -3.2943145e-12	
   2.3500000e-02	  -3.2140506e-12	
   2.3550000e-02	  -3.3697990e-12	
   2.3600000e-02	  -2.9613638e-12	
   2.3650000e-02	  -2.9118769e-12	
   2.3700000e-02	  -2.9287193e-12	
   2.3750000e-02	  -2.8784405e-12	
   2.3800000e-02	  -2.7035344e-12	
   2.3850000e-02	  -2.8799949e-12	
   2.3900000e-02	  -3.0755400e-12	
   2.3950000e-02	  -3.1298106e-12	
   2.4000000e-02	  -3.2274484e-12	
   2.4050000e-02	  -3.1483744e-12	
   2.4100000e-02	  -3.2523845e-12	
   2.4150000e-02	  -3.2379576e-12	
   2.4200000e-02	  -3.0967748e-12	
   2.4250000e-02	  -2.7363242e-12	
   2.4300000e-02	  -2.2560118e-12	
   2.4350000e-02	  -2.1345070e-12	
   2.4400000e-02	  -2.0422353e-12	
   2.4450000e-02	  -2.8188406e-12	
   2.4500000e-02	  -2.4399200e-12	
   2.4550000e-02	  -2.6743091e-12	
   2.4600000e-02	  -3.0741386e-12	
   2.4650000e-02	  -2.6090629e-12	
   2.4700000e-02	  -3.0088180e-12	
   2.4750000e-02	  -2.9709825e-12	
   2.4800000e-02	  -2.8476592e-12	
   2.4850000e-02	  -2.7831609e-12	
   2.4900000e-02	  -2.5496810e-12	
   2.4950000e-02	  -2.4309036e-12	
   2.5000000e-02	  -2.2288236e-12	
   2.5050000e-02	  -1.8548795e-12	
   2.5100000e-02	  -1.7743012e-12	
   2.5150000e-02	  -1.7943962e-12	
   2.5200000e-02	  -1.7560038e-12	
   2.5250000e-02	  -2.0511318e-12	
   2.5300000e-02	  -2.5387572e-12	
   2.5350000e-02	  -2.4108974e-12	
   2.5400000e-02	  -2.7031723e-12	
   2.5450000e-02	  -2.3619795e-12	
   2.5500000e-02	  -2.2320080e-12	
   2.5550000e-02	  -2.2435226e-12	
   2.5600000e-02	  -2.0102236e-12	
   2.5650000e-02	  -1.7575338e-12	
   2.5700000e-02	  -1.7357266e-12	
   2.5750000e-02	  -1.7832266e-12	
   2.5800000e-02	  -1.9288607e-12	
   2.5850000e-02	  -1.8249725e-12	
   2.5900000e-02	  -1.7631439e-12	
   2.5950000e-02	  -1.6316974e-12	
   2.6000000e-02	  -1.3359545e-12	
   2.6050000e-02	  -1.6420814e-12	
   2.6100000e-02	  -2.1391292e-12	
   2.6150000e-02	  -1.7576079e-12	
   2.6200000e-02	  -1.6938699e-12	
   2.6250000e-02	  -1.6732180e-12	
   2.6300000e-02	  -1.5144539e-12	
   2.6350000e-02	  -1.5379789e-12	
   2.6400000e-02	  -1.5011837e-12	
   2.6450000e-02	  -1.3923446e-12	
   2.6500000e-02	  -1.4504700e-12	
   2.6550000e-02	  -2.0606693e-12	
   2.6600000e-02	  -1.8411488e-12	
   2.6650000e-02	  -1.8989602e-12	
   2.6700000e-02	  -1.5055374e-12	
   2.6750000e-02	  -1.8556656e-12	
   2.6800000e-02	  -1.8131448e-12	
   2.6850000e-02	  -1.6916615e-12	
   2.6900000e-02	  -1.8987242e-12	
   2.6950000e-02	  -1.8867585e-12	
   2.7000000e-02	  -1.4433355e-12	
   2.7050000e-02	  -1.6944068e-12	
   2.7100000e-02	  -1.3150618e-12	
   2.7150000e-02	  -1.4560265e-12	
   2.7200000e-02	  -1.3709572e-12	
   2.7250000e-02	  -1.3369088e-12	
   2.7300000e-02	  -1.1245098e-12	
   2.7350000e-02	  -1.4013466e-12	
   2.7400000e-02	  -1.4413123e-12	
   2.7450000e-02	  -1.6672028e-12	
   2.7500000e-02	  -1.1918975e-12	
   2.7550000e-02	  -9.9782162e-13	
   2.7600000e-02	  -1.4014133e-12	
   2.7650000e-02	  -1.5777206e-12	
   2.7700000e-02	  -2.2478232e-12	
   2.7750000e-02	  -2.0133667e-12	
   2.7800000e-02	  -1.5820106e-12	
   2.7850000e-02	  -1.8135796e-12	
   2.7900000e-02	  -2.2691822e-12	
   2.7950000e-02	  -1.9016792e-12	
   2.8000000e-02	  -1.2364710e-12	
   2.8050000e-02	  -1.3468983e-12	
   2.8100000e-02	  -1.2262103e-12	
   2.8150000e-02	  -1.1761872e-12	
   2.8200000e-02	  -1.3881153e-12	
   2.8250000e-02	  -1.5217957e-12	
   2.8300000e-02	  -1.0963262e-12	
   2.8350000e-02	  -1.4807183e-12	
   2.8400000e-02	  -2.0267577e-12	
   2.8450000e-02	  -1.4558810e-12	
   2.8500000e-02	  -1.6387534e-12	
   2.8550000e-02	  -1.4462849e-12	
   2.8600000e-02	  -1.3814306e-12	
   2.8650000e-02	  -1.8304195e-12	
   2.8700000e-02	  -1.2587696e-12	
   2.8750000e-02	  -6.9690087e-13	
   2.8800000e-02	  -9.5527449e-13	
   2.8850000e-02	  -7.2025936e-13	
   2.8900000e-02	  -7.6980479e-13	
   2.8950000e-02	  -9.7986918e-13	
   2.9000000e-02	  -9.0351338e-13	
   2.9050000e-02	  -7.8240409e-13	
   2.9100000e-02	  -8.4319184e-13	
   2.9150000e-02	  -1.2841811e-12	
   2.9200000e-02	  -1.0220700e-12	
   2.9250000e-02	  -1.5843364e-12	
   2.9300000e-02	  -1.8665458e-12	
   2.9350000e-02	  -1.6997276e-12	
   2.9400000e-02	  -1.4280183e-12	
   2.9450000e-02	  -1.3408320e-12	
   2.9500000e-02	  -1.4775329e-12	
   2.9550000e-02	  -1.6733582e-12	
   2.9600000e-02	  -1.8754841e-12	
   2.9650000e-02	  -1.6959611e-12	
   2.9700000e-02	  -1.6999379e-12	
   2.9750000e-02	  -1.8334954e-12	
   2.9800000e-02	  -1.6889693e-12	
   2.9850000e-02	  -1.8182021e-12	
   2.9900000e-02	  -1.6250024e-12	
   2.9950000e-02	  -1.5752352e-12	
   3.0000000e-02	  -1.4438589e-12	
   3.0050000e-02	  -1.5449755e-12	
   3.0100000e-02	  -1.3623044e-12	
   3.0150000e-02	  -1.3645248e-12	
   3.0200000e-02	  -1.2462011e-12	
   3.0250000e-02	  -6.8080437e-13	
   3.0300000e-02	  -7.5382409e-13	
   3.0350000e-02	  -1.2603408e-12	
   3.0400000e-02	  -1.1592138e-12	
   3.0450000e-02	  -1.0939184e-12	
   3.0500000e-02	  -9.4682335e-13	
   3.0550000e-02	  -1.1545313e-12	
   3.0600000e-02	  -1.6619440e-12	
   3.0650000e-02	  -1.9265856e-12	
   3.0700000e-02	  -1.7080304e-12	
   3.0750000e-02	  -1.5356856e-12	
   3.0800000e-02	  -1.7677856e-12	
   3.0850000e-02	  -1.6016997e-12	
   3.0900000e-02	  -1.6070778e-12	
   3.0950000e-02	  -1.5088317e-12	
   3.1000000e-02	  -1.6468733e-12	
   3.1050000e-02	  -1.0383192e-12	
   3.1100000e-02	  -1.2847657e-12	
   3.1150000e-02	  -1.2828796e-12	
   3.1200000e-02	  -1.2673352e-12	
   3.1250000e-02	  -1.3412502e-12	
   3.1300000e-02	  -1.0747922e-12	
   3.1350000e-02	  -1.0726524e-12	
   3.1400000e-02	  -7.8191642e-13	
   3.1450000e-02	  -1.5745478e-13	
   3.1500000e-02	   1.6088606e-13	
   3.1550000e-02	   2.1934277e-14	
   3.1600000e-02	   7.0117133e-13	
   3.1650000e-02	   1.5766728e-13	
   3.1700000e-02	   4.4617088e-14	
   3.1750000e-02	  -3.7661790e-13	
   3.1800000e-02	  -6.0205139e-13	
   3.1850000e-02	  -6.9513579e-13	
   3.1900000e-02	  -6.9737331e-13	
   3.1950000e-02	  -6.4404385e-13	
   3.2000000e-02	  -5.5891619e-13	
   3.2050000e-02	  -1.0096667e-12	
   3.2100000e-02	  -7.3764259e-13	
   3.2150000e-02	  -7.1232256e-13	
   3.2200000e-02	  -7.4053339e-13	
   3.2250000e-02	  -1.0992100e-12	
   3.2300000e-02	  -1.1497858e-12	
   3.2350000e-02	  -1.3756669e-12	
   3.2400000e-02	  -8.3348432e-13	
   3.2450000e-02	  -4.8546952e-13	
   3.2500000e-02	  -6.2511888e-13	
   3.2550000e-02	  -1.1720659e-14	
   3.2600000e-02	  -6.5108509e-14	
   3.2650000e-02	  -1.6572681e-14	
   3.2700000e-02	  -4.6351725e-13	
   3.2750000e-02	  -5.1953927e-13	
   3.2800000e-02	  -3.2846469e-13	
   3.2850000e-02	  -7.5607489e-13	
   3.2900000e-02	  -2.5681540e-13	
   3.2950000e-02	   8.3396831e-15	
   3.3000000e-02	   4.9337140e-13	
   3.3050000e-02	   4.9460707e-13	
   3.3100000e-02	   1.8618961e-13	
   3.3150000e-02	   2.1787086e-13	
   3.3200000e-02	   1.0468015e-13	
   3.3250000e-02	   2.8700631e-13	
   3.3300000e-02	   3.7351307e-15	
   3.3350000e-02	  -4.6516165e-13	
   3.3400000e-02	  -5.2485170e-13	
   3.3450000e-02	  -5.7803138e-13	
   3.3500000e-02	  -8.4442436e-13	
   3.3550000e-02	  -7.5594305e-13	
   3.3600000e-02	  -1.2257782e-12	
   3.3650000e-02	  -1.3186628e-12	
   3.3700000e-02	  -1.3144412e-12	
   3.3750000e-02	  -1.1068202e-12	
   3.3800000e-02	  -1.3919097e-12	
   3.3850000e-02	  -7.9885474e-13	
   3.3900000e-02	  -9.1821906e-13	
   3.3950000e-02	  -1.2155684e-12	
   3.4000000e-02	  -8.1906243e-13	
   3.4050000e-02	  -8.5886875e-13	
   3.4100000e-02	  -7.5020806e-13	
   3.4150000e-02	  -7.4421285e-13	
   3.4200000e-02	  -8.3904021e-13	
   3.4250000e-02	  -9.6889510e-13	
   3.4300000e-02	  -1.1691915e-12	
   3.4350000e-02	  -1.1531713e-12	
   3.4400000e-02	  -1.4443686e-12	
   3.4450000e-02	  -1.4157863e-12	
   3.4500000e-02	  -1.1632601e-12	
   3.4550000e-02	  -1.5960251e-12	
   3.4600000e-02	  -1.8293132e-12	
   3.4650000e-02	  -1.7661862e-12	
   3.4700000e-02	  -1.6952789e-12	
   3.4750000e-02	  -1.4741225e-12	
   3.4800000e-02	  -1.5283764e-12	
   3.4850000e-02	  -1.1587250e-12	
   3.4900000e-02	  -1.2588965e-12	
   3.4950000e-02	  -1.1814551e-12	
   3.5000000e-02	  -1.6589252e-12	
   3.5050000e-02	  -1.8643763e-12	
   3.5100000e-02	  -1.9844619e-12	
   3.5150000e-02	  -1.7631278e-12	
   3.5200000e-02	  -1.7592802e-12	
   3.5250000e-02	  -1.6214589e-12	
   3.5300000e-02	  -1.0454077e-12	
   3.5350000e-02	  -1.1443325e-12	
   3.5400000e-02	  -1.3435108e-12	
   3.5450000e-02	  -8.1605355e-13	
   3.5500000e-02	  -7.2268301e-13	
   3.5550000e-02	  -8.4797100e-13	
   3.5600000e-02	  -9.9876010e-13	
   3.5650000e-02	  -1.2437616e-12	
   3.5700000e-02	  -9.9396966e-13	
   3.5750000e-02	  -1.1662800e-12	
   3.5800000e-02	  -1.6139210e-12	
   3.5850000e-02	  -1.3971567e-12	
   3.5900000e-02	  -1.0556389e-12	
   3.5950000e-02	  -1.0204637e-12	
   3.6000000e-02	  -9.0493064e-13	
   3.6050000e-02	  -9.8882664e-13	
   3.6100000e-02	  -6.2457591e-13	
   3.6150000e-02	  -2.0585617e-13	
   3.6200000e-02	  -5.2857458e-13	
   3.6250000e-02	  -5.5089613e-13	
   3.6300000e-02	  -1.2528639e-12	
   3.6350000e-02	  -1.0570420e-12	
   3.6400000e-02	  -7.7133612e-13	
   3.6450000e-02	  -6.7095244e-13	
   3.6500000e-02	   2.2860706e-13	
   3.6550000e-02	   1.5885210e-13	
   3.6600000e-02	   1.5747646e-13	
   3.6650000e-02	  -5.8085481e-14	
   3.6700000e-02	  -1.3848688e-13	
   3.6750000e-02	  -2.5195167e-13	
   3.6800000e-02	   2.6645136e-14	
   3.6850000e-02	  -3.2790003e-13	
   3.6900000e-02	  -5.8532259e-13	
   3.6950000e-02	  -4.1723482e-13	
   3.7000000e-02	  -2.4070936e-13	
   3.7050000e-02	  -3.4676472e-13	
   3.7100000e-02	  -1.7911887e-13	
   3.7150000e-02	  -4.6373083e-13	
   3.7200000e-02	  -2.5024167e-13	
   3.7250000e-02	  -3.7643987e-13	
   3.7300000e-02	  -4.8617013e-13	
   3.7350000e-02	   2.2704841e-13	
   3.7400000e-02	   3.2807871e-13	
   3.7450000e-02	   1.6492986e-13	
   3.7500000e-02	   1.3890365e-13	
   3.7550000e-02	   3.7626673e-13	
   3.7600000e-02	   9.0205274e-13	
   3.7650000e-02	   3.8846834e-13	
   3.7700000e-02	   5.7989074e-13	
   3.7750000e-02	   6.4224938e-13	
   3.7800000e-02	   7.7951914e-13	
   3.7850000e-02	   7.0352318e-13	
   3.7900000e-02	   1.1246819e-13	
   3.7950000e-02	   5.3530097e-14	
   3.8000000e-02	   4.2063325e-13	
   3.8050000e-02	   8.6777373e-14	
   3.8100000e-02	  -1.2210719e-13	
   3.8150000e-02	  -7.1929442e-14	
   3.8200000e-02	  -9.7276354e-14	
   3.8250000e-02	  -3.5338746e-13	
   3.8300000e-02	  -3.2486427e-13	
   3.8350000e-02	  -2.5936892e-13	
   3.8400000e-02	  -7.0642017e-13	
   3.8450000e-02	  -5.3362132e-13	
   3.8500000e-02	  -3.3731611e-13	
   3.8550000e-02	  -6.7504124e-13	
   3.8600000e-02	  -3.4770624e-13	
   3.8650000e-02	  -6.3824445e-13	
   3.8700000e-02	  -7.1778000e-13	
   3.8750000e-02	  -8.6554375e-13	
   3.8800000e-02	  -7.3013210e-13	
   3.8850000e-02	  -3.7171958e-13	
   3.8900000e-02	  -5.4926617e-13	
   3.8950000e-02	  -6.2673131e-13	
   3.9000000e-02	  -1.4334280e-13	
   3.9050000e-02	  -2.7553459e-13	
   3.9100000e-02	  -5.5321893e-13	
   3.9150000e-02	  -4.3126006e-13	
   3.9200000e-02	  -3.4625861e-13	
   3.9250000e-02	  -6.8219410e-13	
   3.9300000e-02	  -4.2284600e-13	
   3.9350000e-02	  -8.6569467e-13	
   3.9400000e-02	  -7.4881030e-13	
   3.9450000e-02	  -1.0030900e-12	
   3.9500000e-02	  -7.4553167e-13	
   3.9550000e-02	  -6.6457972e-13	
   3.9600000e-02	  -5.7772450e-13	
   3.9650000e-02	  -4.6656515e-13	
   3.9700000e-02	  -3.0325135e-14	
   3.9750000e-02	  -9.8608621e-14	
   3.9800000e-02	  -5.7884557e-13	
   3.9850000e-02	  -3.6619969e-13	
   3.9900000e-02	  -5.0392242e-13	
   3.9950000e-02	  -5.1974354e-13	
   4.0000000e-02	  -3.3338783e-13	
   4.0050000e-02	  -2.3907916e-13	
   4.0100000e-02	  -2.6741597e-13	
   4.0150000e-02	  -1.0331013e-12	
   4.0200000e-02	  -9.9457660e-13	
   4.0250000e-02	  -1.3452520e-12	
   4.0300000e-02	  -1.3255599e-12	
   4.0350000e-02	  -7.0605544e-13	
   4.0400000e-02	   1.2056328e-15	
   4.0450000e-02	  -4.7657191e-15	
   4.0500000e-02	  -1.3225532e-14	
   4.0550000e-02	   8.3757654e-14	
   4.0600000e-02	   3.8783646e-13	
   4.0650000e-02	   6.6206155e-13	
   4.0700000e-02	   8.8508281e-13	
   4.0750000e-02	   7.4843235e-13	
   4.0800000e-02	   7.2796023e-13	
   4.0850000e-02	   4.2379208e-13	
   4.0900000e-02	   2.1939568e-13	
   4.0950000e-02	   4.4032226e-13	
   4.1000000e-02	   3.0326479e-13	
   4.1050000e-02	   1.4549906e-13	
   4.1100000e-02	   3.1618805e-13	
   4.1150000e-02	  -8.2092753e-14	
   4.1200000e-02	  -2.1728669e-13	
   4.1250000e-02	  -3.5353664e-15	
   4.1300000e-02	  -3.8572878e-14	
   4.1350000e-02	   8.7662950e-14	
   4.1400000e-02	  -3.0183495e-13	
   4.1450000e-02	  -2.4611931e-13	
   4.1500000e-02	  -1.3560290e-13	
   4.1550000e-02	  -3.7605032e-13	
   4.1600000e-02	  -1.4112496e-13	
   4.1650000e-02	  -6.3954918e-13	
   4.1700000e-02	  -6.3483854e-13	
   4.1750000e-02	  -6.1400277e-13	
   4.1800000e-02	  -1.0021931e-14	
   4.1850000e-02	  -1.6389884e-13	
   4.1900000e-02	   3.5155228e-14	
   4.1950000e-02	  -2.5079765e-14	
   4.2000000e-02	  -1.1947463e-13	
   4.2050000e-02	  -4.6180421e-13	
   4.2100000e-02	  -5.8211304e-13	
   4.2150000e-02	  -7.8010948e-13	
   4.2200000e-02	  -7.8657827e-13	
   4.2250000e-02	  -3.9597123e-13	
   4.2300000e-02	  -3.5965241e-13	
   4.2350000e-02	  -5.4267832e-13	
   4.2400000e-02	  -5.7960321e-13	
   4.2450000e-02	  -5.6086190e-13	
   4.2500000e-02	  -9.1944031e-13	
   4.2550000e-02	  -9.4414754e-13	
   4.2600000e-02	  -1.0532222e-12	
   4.2650000e-02	  -5.9335262e-13	
   4.2700000e-02	  -8.3801889e-14	
   4.2750000e-02	  -7.5119154e-13	
   4.2800000e-02	  -4.2423932e-13	
   4.2850000e-02	  -6.0912603e-13	
   4.2900000e-02	  -3.6209750e-13	
   4.2950000e-02	  -6.9463098e-13	
   4.3000000e-02	  -6.0881074e-13	
   4.3050000e-02	  -8.3651749e-13	
   4.3100000e-02	  -1.0727192e-12	
   4.3150000e-02	  -1.2140117e-12	
   4.3200000e-02	  -6.1208373e-13	
   4.3250000e-02	  -1.2001524e-12	
   4.3300000e-02	  -1.0592625e-12	
   4.3350000e-02	  -8.6120260e-13	
   4.3400000e-02	  -7.1442071e-13	
   4.3450000e-02	  -7.8368735e-14	
   4.3500000e-02	  -1.6567216e-13	
   4.3550000e-02	  -1.1365496e-13	
   4.3600000e-02	  -1.4460481e-13	
   4.3650000e-02	  -3.2120053e-13	
   4.3700000e-02	  -6.7639861e-13	
   4.3750000e-02	  -7.2621249e-13	
   4.3800000e-02	  -1.9520236e-13	
   4.3850000e-02	  -6.6270513e-13	
   4.3900000e-02	  -4.4053671e-13	
   4.3950000e-02	  -5.5613240e-13	
   4.4000000e-02	  -5.1319322e-13	
   4.4050000e-02	  -3.7058117e-13	
   4.4100000e-02	  -3.7924438e-13	
   4.4150000e-02	  -6.1119382e-13	
   4.4200000e-02	  -3.8902345e-13	
   4.4250000e-02	  -3.9655432e-13	
   4.4300000e-02	  -2.8789384e-13	
   4.4350000e-02	  -5.1367840e-13	
   4.4400000e-02	  -6.9467956e-13	
   4.4450000e-02	  -1.0607084e-12	
   4.4500000e-02	  -1.1400669e-12	
   4.4550000e-02	  -1.1007650e-12	
   4.4600000e-02	  -1.2256901e-12	
   4.4650000e-02	  -9.8616579e-13	
   4.4700000e-02	  -8.5258580e-13	
   4.4750000e-02	  -6.7647494e-13	
   4.4800000e-02	  -6.1356996e-13	
   4.4850000e-02	  -6.3154495e-13	
   4.4900000e-02	  -2.8551207e-13	
   4.4950000e-02	  -3.6076264e-13	
   4.5000000e-02	  -7.2707573e-13	
   4.5050000e-02	  -1.0471611e-12	
   4.5100000e-02	  -9.4425986e-13	
   4.5150000e-02	  -6.9753708e-13	
   4.5200000e-02	  -3.5150008e-13	
   4.5250000e-02	  -3.2851760e-13	
   4.5300000e-02	  -6.4737365e-13	
   4.5350000e-02	  -9.0181161e-13	
   4.5400000e-02	  -4.5399708e-13	
   4.5450000e-02	  -5.1954708e-13	
   4.5500000e-02	  -6.1607316e-13	
   4.5550000e-02	  -3.2841438e-13	
   4.5600000e-02	  -6.4737365e-13	
   4.5650000e-02	  -8.8354064e-13	
   4.5700000e-02	  -9.1822014e-13	
   4.5750000e-02	  -9.8557062e-13	
   4.5800000e-02	  -1.0405810e-12	
   4.5850000e-02	  -1.1816091e-12	
   4.5900000e-02	  -2.8383979e-13	
   4.5950000e-02	  -4.5806501e-13	
   4.6000000e-02	  -1.0294482e-12	
   4.6050000e-02	  -6.0810797e-13	
   4.6100000e-02	  -4.1695900e-13	
   4.6150000e-02	  -1.1292486e-13	
   4.6200000e-02	   2.7165596e-13	
   4.6250000e-02	  -5.8411609e-14	
   4.6300000e-02	  -2.5505704e-13	
   4.6350000e-02	   1.7821074e-13	
   4.6400000e-02	   2.2011760e-13	
   4.6450000e-02	  -1.0531485e-13	
   4.6500000e-02	   6.4450181e-14	
   4.6550000e-02	  -3.8111701e-13	
   4.6600000e-02	  -2.9353516e-13	
   4.6650000e-02	  -4.9781576e-13	
   4.6700000e-02	  -1.0042726e-12	
   4.6750000e-02	  -8.4863843e-13	
   4.6800000e-02	  -9.8553717e-13	
   4.6850000e-02	  -9.8093132e-13	
   4.6900000e-02	  -1.3181548e-12	
   4.6950000e-02	  -1.6018694e-12	
   4.7000000e-02	  -1.1215508e-12	
   4.7050000e-02	  -6.8655411e-13	
   4.7100000e-02	  -6.1922228e-13	
   4.7150000e-02	  -7.4228601e-14	
   4.7200000e-02	  -4.8958125e-14	
   4.7250000e-02	  -1.2016955e-13	
   4.7300000e-02	   1.7720894e-13	
   4.7350000e-02	   3.8373037e-13	
   4.7400000e-02	  -7.4300809e-14	
   4.7450000e-02	  -1.1638607e-13	
   4.7500000e-02	  -5.9233868e-13	
   4.7550000e-02	  -6.5785832e-13	
   4.7600000e-02	  -2.8874993e-13	
   4.7650000e-02	  -9.2791833e-13	
   4.7700000e-02	  -8.6469113e-13	
   4.7750000e-02	  -4.0658059e-13	
   4.7800000e-02	  -6.9795190e-13	
   4.7850000e-02	  -9.6196293e-13	
   4.7900000e-02	  -1.0549166e-12	
   4.7950000e-02	  -6.4613679e-13	
   4.8000000e-02	  -1.0452698e-12	
   4.8050000e-02	  -9.9710518e-13	
   4.8100000e-02	  -1.0132690e-12	
   4.8150000e-02	  -9.2717761e-13	
   4.8200000e-02	  -3.6427458e-13	
   4.8250000e-02	  -3.5776200e-13	
   4.8300000e-02	  -4.5337714e-13	
   4.8350000e-02	  -1.6893518e-13	
   4.8400000e-02	  -7.8768329e-13	
   4.8450000e-02	  -1.3564263e-12	
   4.8500000e-02	  -1.2152388e-12	
   4.8550000e-02	  -1.0783853e-12	
   4.8600000e-02	  -1.3530275e-12	
   4.8650000e-02	  -1.0757055e-12	
   4.8700000e-02	  -1.4695810e-12	
   4.8750000e-02	  -1.3582390e-12	
   4.8800000e-02	  -1.5331952e-12	
   4.8850000e-02	  -1.5000761e-12	
   4.8900000e-02	  -1.1584713e-12	
   4.8950000e-02	  -1.4325511e-12	
   4.9000000e-02	  -1.4212477e-12	
   4.9050000e-02	  -8.5418445e-13	
   4.9100000e-02	  -1.0011419e-12	
   4.9150000e-02	  -9.5265072e-13	
   4.9200000e-02	  -1.2321644e-12	
   4.9250000e-02	  -1.3997119e-12	
   4.9300000e-02	  -1.2242559e-12	
   4.9350000e-02	  -1.2991470e-12	
   4.9400000e-02	  -1.2304519e-12	
   4.9450000e-02	  -1.1325359e-12	
   4.9500000e-02	  -1.2739501e-12	
   4.9550000e-02	  -1.3483815e-12	
   4.9600000e-02	  -1.4160868e-12	
   4.9650000e-02	  -1.3460448e-12	
   4.9700000e-02	  -1.5175870e-12	
   4.9750000e-02	  -1.4500854e-12	
   4.9800000e-02	  -1.1420361e-12	
   4.9850000e-02	  -1.0029543e-12	
   4.9900000e-02	  -9.3271224e-13	
   4.9950000e-02	  -1.0838960e-12	
   5.0000000e-02	  -1.5593876e-12	
