  -0.0000000e+00	
  -5.5594431e-12	
  -1.0364860e-11	
  -1.4509387e-11	
  -1.8074766e-11	
  -2.1132739e-11	
  -2.3746269e-11	
  -2.5970611e-11	
  -2.7854259e-11	
  -2.9439767e-11	
  -3.0764477e-11	
  -3.1861156e-11	
  -3.2758557e-11	
  -3.3481906e-11	
  -3.4053335e-11	
  -3.4492261e-11	
  -3.4815717e-11	
  -3.5038642e-11	
  -3.5174142e-11	
  -3.5233706e-11	
  -3.5227411e-11	
  -3.5164093e-11	
  -3.5051494e-11	
  -3.4896405e-11	
  -3.4704771e-11	
  -3.4481805e-11	
  -3.4232071e-11	
  -3.3959565e-11	
  -3.3667787e-11	
  -3.3359798e-11	
  -3.3038276e-11	
  -3.2705563e-11	
  -3.2363703e-11	
  -3.2014486e-11	
  -3.1659469e-11	
  -3.1300014e-11	
  -3.0937304e-11	
  -3.0572374e-11	
  -3.0206118e-11	
  -2.9839317e-11	
  -2.9472646e-11	
  -2.9106690e-11	
  -2.8741954e-11	
  -2.8378875e-11	
  -2.8017825e-11	
  -2.7659128e-11	
  -2.7303056e-11	
  -2.6949843e-11	
  -2.6599686e-11	
  -2.6252750e-11	
  -2.5909175e-11	
  -2.5569073e-11	
  -2.5232539e-11	
  -2.4899647e-11	
  -2.4570456e-11	
  -2.4245011e-11	
  -2.3923345e-11	
  -2.3605479e-11	
  -2.3291427e-11	
  -2.2981194e-11	
  -2.2674777e-11	
  -2.2372168e-11	
  -2.2073355e-11	
  -2.1778319e-11	
  -2.1487039e-11	
  -2.1199491e-11	
  -2.0915646e-11	
  -2.0635476e-11	
  -2.0358947e-11	
  -2.0086026e-11	
  -1.9816678e-11	
  -1.9550866e-11	
  -1.9288554e-11	
  -1.9029704e-11	
  -1.8774276e-11	
  -1.8522232e-11	
  -1.8273533e-11	
  -1.8028138e-11	
  -1.7786009e-11	
  -1.7547105e-11	
  -1.7311387e-11	
  -1.7078815e-11	
  -1.6849350e-11	
  -1.6622952e-11	
  -1.6399582e-11	
  -1.6179201e-11	
  -1.5961771e-11	
  -1.5747254e-11	
  -1.5535612e-11	
  -1.5326807e-11	
  -1.5120802e-11	
  -1.4917561e-11	
  -1.4717046e-11	
  -1.4519222e-11	
  -1.4324054e-11	
  -1.4131506e-11	
  -1.3941543e-11	
  -1.3754131e-11	
  -1.3569236e-11	
  -1.3386825e-11	
  -1.3206865e-11	
  -1.3029322e-11	
  -1.2854164e-11	
  -1.2681360e-11	
  -1.2510878e-11	
  -1.2342687e-11	
  -1.2176757e-11	
  -1.2013056e-11	
  -1.1851556e-11	
  -1.1692226e-11	
  -1.1535038e-11	
  -1.1379962e-11	
  -1.1226971e-11	
  -1.1076036e-11	
  -1.0927131e-11	
  -1.0780227e-11	
  -1.0635297e-11	
  -1.0492316e-11	
  -1.0351257e-11	
  -1.0212095e-11	
  -1.0074803e-11	
  -9.9393564e-12	
  -9.8057309e-12	
  -9.6739019e-12	
  -9.5438450e-12	
  -9.4155367e-12	
  -9.2889532e-12	
  -9.1640715e-12	
  -9.0408687e-12	
  -8.9193222e-12	
  -8.7994097e-12	
  -8.6811094e-12	
  -8.5643994e-12	
  -8.4492585e-12	
  -8.3356655e-12	
  -8.2235997e-12	
  -8.1130405e-12	
  -8.0039677e-12	
  -7.8963612e-12	
  -7.7902014e-12	
  -7.6854688e-12	
  -7.5821442e-12	
  -7.4802088e-12	
  -7.3796438e-12	
  -7.2804308e-12	
  -7.1825516e-12	
  -7.0859883e-12	
  -6.9907232e-12	
  -6.8967389e-12	
  -6.8040181e-12	
  -6.7125438e-12	
  -6.6222994e-12	
  -6.5332682e-12	
  -6.4454339e-12	
  -6.3587806e-12	
  -6.2732921e-12	
  -6.1889531e-12	
  -6.1057478e-12	
  -6.0236612e-12	
  -5.9426782e-12	
  -5.8627839e-12	
  -5.7839638e-12	
  -5.7062033e-12	
  -5.6294882e-12	
  -5.5538045e-12	
  -5.4791383e-12	
  -5.4054759e-12	
  -5.3328039e-12	
  -5.2611089e-12	
  -5.1903777e-12	
  -5.1205975e-12	
  -5.0517554e-12	
  -4.9838388e-12	
  -4.9168353e-12	
  -4.8507326e-12	
  -4.7855186e-12	
  -4.7211814e-12	
