  -7.6920731e-12	
  -4.0613094e-12	
  -1.3989383e-12	
   5.9939067e-13	
   2.0950768e-12	
   2.4922907e-12	
   3.0827212e-12	
   3.0372247e-12	
   2.9742566e-12	
   3.1625724e-12	
   2.6805942e-12	
   1.3692498e-12	
   4.7264121e-13	
  -2.8452329e-13	
  -1.0975621e-12	
  -1.5132849e-12	
  -1.8798326e-12	
  -2.3123721e-12	
  -2.3061957e-12	
  -2.9618667e-12	
  -3.0991169e-12	
  -2.8250322e-12	
  -2.3355035e-12	
  -2.2969238e-12	
  -2.8037956e-12	
  -2.9286905e-12	
  -2.6803786e-12	
  -2.5089059e-12	
  -2.7477631e-12	
  -2.2338043e-12	
  -1.8153996e-12	
  -1.9315202e-12	
  -1.8087310e-12	
  -2.2399853e-12	
  -1.2446983e-12	
  -1.1969313e-12	
  -9.6959528e-13	
  -3.7801392e-14	
   6.8729923e-13	
   4.2720336e-14	
   6.2253247e-13	
   1.0768676e-12	
   8.2419784e-13	
   1.3741159e-12	
   1.3745553e-12	
   1.5527308e-12	
   1.6284246e-12	
   1.4149829e-12	
   1.4949921e-12	
   1.0215111e-12	
   9.1678749e-13	
   1.3037109e-12	
   1.2175400e-12	
   1.1100793e-12	
   1.4510455e-12	
   1.6007708e-12	
   1.3950117e-12	
   1.9011882e-12	
   1.0416274e-12	
   7.8623881e-13	
   7.6574908e-13	
   1.2010059e-12	
   1.7394056e-12	
   1.9893845e-12	
   1.8908041e-12	
   1.8108901e-12	
   1.2128880e-12	
   1.3675044e-12	
   2.2076227e-12	
   2.2968922e-12	
   2.6125599e-12	
   1.9493964e-12	
   1.4975607e-12	
   1.3600298e-12	
   7.5634166e-13	
   8.3269401e-13	
   7.7072617e-13	
   1.0175549e-12	
   8.9057752e-13	
   1.3812802e-12	
   1.5532463e-12	
   1.7254378e-12	
   1.6958186e-12	
   1.9210591e-12	
   1.8994683e-12	
   1.7905693e-12	
   1.8684589e-12	
   1.7746079e-12	
   1.1758461e-12	
   1.5943613e-12	
   1.3918653e-12	
   1.2158333e-12	
   1.3837921e-12	
   1.3719741e-12	
   1.3907410e-12	
   1.0750174e-12	
   1.2200042e-12	
   1.6419901e-13	
  -1.5528069e-13	
   9.8515915e-14	
  -7.3002868e-15	
  -5.4150498e-13	
  -1.0162154e-12	
  -8.4116917e-13	
  -7.0153024e-13	
  -3.6379948e-13	
   1.4118459e-13	
  -6.0929526e-14	
   1.5421565e-13	
   2.7765961e-13	
   1.3599540e-13	
  -4.3105326e-14	
  -1.1543022e-13	
  -6.4172230e-13	
  -6.1288563e-13	
  -7.6973399e-13	
  -8.5826916e-13	
  -8.6298191e-13	
  -8.6109621e-13	
  -1.1526155e-12	
  -3.1271610e-13	
   1.9756494e-14	
  -5.5956939e-14	
  -3.8593739e-13	
  -5.8436475e-13	
  -6.0402491e-13	
  -5.4042715e-13	
  -7.9287348e-13	
  -1.1312202e-12	
  -1.5219752e-12	
  -1.0326282e-12	
  -5.3510090e-13	
  -2.9304705e-13	
  -4.3832911e-13	
  -6.8230833e-13	
  -4.8306762e-13	
  -4.6367522e-13	
   1.0108792e-13	
   5.6824082e-15	
  -5.4501221e-13	
  -7.6987093e-13	
  -1.0650420e-12	
  -1.4329136e-12	
  -1.4616025e-12	
  -1.0630794e-12	
  -1.1463173e-12	
  -1.4817676e-12	
  -1.4872226e-12	
  -9.5913941e-13	
  -8.3189466e-13	
  -1.4460713e-12	
  -1.8726230e-12	
  -2.0299089e-12	
  -1.7204195e-12	
  -1.9115908e-12	
  -1.9611427e-12	
  -1.9278068e-12	
  -1.5406704e-12	
  -1.3194952e-12	
  -1.1933695e-12	
  -1.4268076e-12	
  -1.2920882e-12	
  -1.2518287e-12	
  -1.3820177e-12	
  -1.7130133e-12	
  -1.5411106e-12	
  -1.1684509e-12	
  -1.1552137e-12	
  -1.1567206e-12	
  -1.1861349e-12	
  -1.2026175e-12	
  -1.1358146e-12	
  -1.6303400e-12	
  -1.5022205e-12	
  -1.6402357e-12	
  -1.6309182e-12	
  -2.0767940e-12	
