4.3663e-11
2.8194e-11
5.076e-11
4.363e-11
4.3941e-11
3.4592e-11
3.6064e-11
2.2862e-11
2.0213e-11
3.2173e-11
3.7423e-11
6.836e-11
1.0967e-10
1.5946e-11
1.8098e-11
3.2379e-11
1.1468e-10
2.4564e-11
2.5213e-11
3.0678e-11
2.2608e-11
3.7591e-11
1.5651e-11
1.0254e-10
4.6977e-11
2.5318e-11
3.8928e-11
4.1663e-11
1.2285e-10
7.3121e-11
4.4941e-11
2.9437e-11
1.7911e-11
1.6905e-11
3.4353e-11
1.4813e-10
5.0679e-11
2.5593e-11
1.7212e-11
3.7923e-11
3.4326e-11
3.2671e-11
3.8658e-11
8.2337e-11
7.3927e-11
7.9844e-11
2.2105e-11
8.9863e-11
4.2225e-11
4.9542e-11
1.7172e-11
4.1755e-11
3.705e-11
3.3461e-11
