  -0.0000000e+00	
  -6.2492660e-12	
  -1.1607857e-11	
  -1.6191501e-11	
  -2.0101029e-11	
  -2.3424295e-11	
  -2.6237839e-11	
  -2.8608344e-11	
  -3.0593906e-11	
  -3.2245133e-11	
  -3.3606114e-11	
  -3.4715252e-11	
  -3.5605999e-11	
  -3.6307490e-11	
  -3.6845100e-11	
  -3.7240928e-11	
  -3.7514215e-11	
  -3.7681718e-11	
  -3.7758022e-11	
  -3.7755824e-11	
  -3.7686177e-11	
  -3.7558697e-11	
  -3.7381752e-11	
  -3.7162621e-11	
  -3.6907633e-11	
  -3.6622294e-11	
  -3.6311385e-11	
  -3.5979064e-11	
  -3.5628939e-11	
  -3.5264146e-11	
  -3.4887403e-11	
  -3.4501068e-11	
  -3.4107184e-11	
  -3.3707520e-11	
  -3.3303607e-11	
  -3.2896768e-11	
  -3.2488145e-11	
  -3.2078722e-11	
  -3.1669347e-11	
  -3.1260747e-11	
  -3.0853546e-11	
  -3.0448280e-11	
  -3.0045402e-11	
  -2.9645299e-11	
  -2.9248300e-11	
  -2.8854680e-11	
  -2.8464669e-11	
  -2.8078460e-11	
  -2.7696211e-11	
  -2.7318050e-11	
  -2.6944081e-11	
  -2.6574385e-11	
  -2.6209024e-11	
  -2.5848044e-11	
  -2.5491477e-11	
  -2.5139340e-11	
  -2.4791643e-11	
  -2.4448385e-11	
  -2.4109556e-11	
  -2.3775143e-11	
  -2.3445123e-11	
  -2.3119470e-11	
  -2.2798155e-11	
  -2.2481144e-11	
  -2.2168400e-11	
  -2.1859883e-11	
  -2.1555552e-11	
  -2.1255365e-11	
  -2.0959277e-11	
  -2.0667243e-11	
  -2.0379216e-11	
  -2.0095149e-11	
  -1.9814995e-11	
  -1.9538706e-11	
  -1.9266233e-11	
  -1.8997529e-11	
  -1.8732546e-11	
  -1.8471235e-11	
  -1.8213548e-11	
  -1.7959439e-11	
  -1.7708859e-11	
  -1.7461762e-11	
  -1.7218101e-11	
  -1.6977830e-11	
  -1.6740902e-11	
  -1.6507273e-11	
  -1.6276898e-11	
  -1.6049731e-11	
  -1.5825730e-11	
  -1.5604851e-11	
  -1.5387051e-11	
  -1.5172287e-11	
  -1.4960517e-11	
  -1.4751701e-11	
  -1.4545797e-11	
  -1.4342765e-11	
  -1.4142566e-11	
  -1.3945159e-11	
  -1.3750507e-11	
  -1.3558570e-11	
  -1.3369312e-11	
  -1.3182694e-11	
  -1.2998681e-11	
  -1.2817235e-11	
  -1.2638322e-11	
  -1.2461906e-11	
  -1.2287951e-11	
  -1.2116425e-11	
  -1.1947293e-11	
  -1.1780521e-11	
  -1.1616077e-11	
  -1.1453928e-11	
  -1.1294042e-11	
  -1.1136388e-11	
  -1.0980935e-11	
  -1.0827652e-11	
  -1.0676508e-11	
  -1.0527474e-11	
  -1.0380520e-11	
  -1.0235617e-11	
  -1.0092737e-11	
  -9.9518515e-12	
  -9.8129326e-12	
  -9.6759528e-12	
  -9.5408850e-12	
  -9.4077027e-12	
  -9.2763794e-12	
  -9.1468893e-12	
  -9.0192067e-12	
  -8.8933064e-12	
  -8.7691636e-12	
  -8.6467537e-12	
  -8.5260525e-12	
  -8.4070362e-12	
  -8.2896813e-12	
  -8.1739645e-12	
  -8.0598630e-12	
  -7.9473542e-12	
  -7.8364160e-12	
  -7.7270264e-12	
  -7.6191637e-12	
  -7.5128068e-12	
  -7.4079344e-12	
  -7.3045260e-12	
  -7.2025611e-12	
  -7.1020196e-12	
  -7.0028815e-12	
  -6.9051272e-12	
  -6.8087376e-12	
  -6.7136934e-12	
  -6.6199760e-12	
  -6.5275669e-12	
  -6.4364476e-12	
  -6.3466003e-12	
  -6.2580072e-12	
  -6.1706508e-12	
  -6.0845138e-12	
  -5.9995792e-12	
  -5.9158302e-12	
  -5.8332503e-12	
  -5.7518231e-12	
  -5.6715326e-12	
  -5.5923628e-12	
  -5.5142983e-12	
  -5.4373234e-12	
  -5.3614230e-12	
  -5.2865821e-12	
  -5.2127860e-12	
  -5.1400199e-12	
  -5.0682697e-12	
  -4.9975209e-12	
  -4.9277598e-12	
  -4.8589725e-12	
  -4.7911454e-12	
  -4.7242651e-12	
  -4.6583184e-12	
  -4.5932923e-12	
