  -8.6009839e-12	
  -3.7786466e-12	
  -6.9960055e-13	
   1.3708478e-12	
   2.8662607e-12	
   3.7977731e-12	
   4.1487018e-12	
   3.8103073e-12	
   3.3430378e-12	
   2.5351718e-12	
   1.7728004e-12	
   7.4864495e-13	
  -3.4524301e-13	
  -8.1067556e-13	
  -1.2096471e-13	
  -2.1160550e-12	
  -2.1162537e-12	
  -2.8305571e-12	
  -3.5189749e-12	
  -4.3986540e-12	
  -5.1446915e-12	
  -4.7425950e-12	
  -3.6835502e-12	
  -3.2025389e-12	
  -2.5500919e-12	
  -3.4308443e-12	
  -2.9935087e-12	
  -1.5852275e-12	
  -1.2951918e-12	
  -1.3086644e-12	
  -1.1552171e-12	
  -1.2952962e-12	
  -7.8202583e-13	
  -1.1075861e-12	
  -1.1151014e-12	
  -1.0061787e-12	
  -6.4093048e-13	
  -6.4390081e-13	
  -9.0786001e-13	
  -6.6239109e-13	
  -7.3818970e-13	
  -8.0703625e-13	
  -8.8086664e-13	
  -5.6927814e-13	
   2.0214136e-13	
   2.6997108e-13	
   7.0221166e-13	
   1.2357929e-12	
   1.8354972e-12	
   2.1445955e-12	
   2.6286492e-12	
   2.1815925e-12	
   2.1794968e-12	
   2.8889940e-12	
   3.0015770e-12	
   2.8472821e-12	
   3.2137207e-12	
   3.5239395e-12	
   3.6918170e-12	
   2.9408076e-12	
   2.3803053e-12	
   2.2150626e-12	
   1.9876725e-12	
   1.7632537e-12	
   1.9125704e-12	
   1.6631311e-12	
   1.4836392e-12	
   1.4004061e-12	
   1.5716428e-12	
   8.4492447e-13	
   5.3919061e-13	
   9.2479982e-13	
   1.0803799e-12	
   1.3045951e-12	
   1.6071357e-12	
   1.8979416e-12	
   2.3343090e-12	
   1.3168447e-12	
   2.7503058e-12	
   1.9708389e-12	
   2.1681481e-12	
   2.5412767e-12	
   2.1102975e-12	
   1.3061269e-12	
   2.0143797e-12	
   1.8574157e-12	
   2.1437344e-12	
   1.1816900e-12	
   1.3657419e-12	
   1.2658384e-12	
   1.6394031e-12	
   2.0732315e-12	
   2.0612480e-12	
   1.9184333e-12	
   1.8067323e-12	
   1.1623534e-12	
   1.1038391e-12	
   1.1455923e-12	
   8.3836313e-13	
   4.1321202e-13	
   6.5671850e-13	
   5.9681382e-13	
  -5.9833571e-13	
  -3.5480719e-13	
  -3.2657712e-13	
  -1.0253918e-12	
  -3.1398456e-13	
   3.3150217e-13	
   5.7426251e-13	
   7.6948718e-13	
   1.2456494e-12	
   1.2461610e-12	
   9.3505028e-13	
   7.0901944e-13	
   6.6352328e-13	
   3.0449898e-13	
   1.2879746e-13	
   2.2791981e-13	
  -3.3503464e-13	
  -5.0940327e-13	
  -1.0723225e-13	
  -2.2920172e-13	
  -4.2368453e-13	
  -2.2359630e-13	
   3.2086054e-13	
   2.4174042e-13	
  -7.1365889e-13	
  -1.0372971e-12	
  -1.4671824e-12	
  -1.7279023e-12	
  -1.9737256e-12	
  -1.7557351e-12	
  -1.7297736e-12	
  -1.5924329e-12	
  -1.7105620e-12	
  -1.1912969e-12	
  -6.5218851e-13	
  -8.4163571e-13	
  -1.1310017e-12	
  -9.3267374e-13	
  -1.1800163e-12	
  -1.5127264e-12	
  -2.4600359e-12	
  -2.4856739e-12	
  -2.4877187e-12	
  -2.0063135e-12	
  -1.7856423e-12	
  -2.2258387e-12	
  -2.1254049e-12	
  -2.2868213e-12	
  -2.3971053e-12	
  -1.9623806e-12	
  -1.7537396e-12	
  -1.9908025e-12	
  -2.1056029e-12	
  -1.8856010e-12	
  -1.6179879e-12	
  -2.0002039e-12	
  -2.0819250e-12	
  -1.9985231e-12	
  -1.8291984e-12	
  -1.9344128e-12	
  -1.9224697e-12	
  -2.5236436e-12	
  -2.9170372e-12	
  -3.2915824e-12	
  -3.6070936e-12	
  -3.2070015e-12	
  -2.9619757e-12	
  -2.3958378e-12	
  -2.3848741e-12	
  -2.1197859e-12	
  -2.5802542e-12	
  -2.7205425e-12	
  -2.8287788e-12	
  -2.7948941e-12	
  -3.1450905e-12	
