0.0013	0.00325	0.0022	1.8459e-13	1.4497	4.1113e-11	0.96803	3.3864e-12	0.0089	0.0089
0.0019	0.00265	0.00095	8.2184e-14	1.8097	1.8275e-11	0.76827	4.8405e-12	0.0089	0.0089
0.0008	0.00195	0.0016	7.4832e-14	1.6255	1.6685e-11	0.80335	3.9318e-12	0.0089	0.0089
0.00205	0.00285	0.001	3.0908e-13	1.5425	6.8804e-11	0.9696	5.5199e-12	0.0089	0.0089
0.0008	0.0035	0.0029	2.1934e-13	1.5328	4.8824e-11	0.97085	3.8319e-12	0.0089	0.0089
0.00105	0.002	0.00125	2.002e-13	1.81	4.6245e-11	0.83562	9.8174e-12	0.0089	0.008
0.00105	0.00375	0.0029	4.5111e-13	1.4881	1.0041e-10	0.98769	5.0562e-12	0.008	0.0089
0.0008	0.00295	0.0024	1.8922e-13	1.5207	4.2131e-11	0.96766	3.4913e-12	0.0089	0.0089
0.001	0.003	0.00225	1.6657e-13	1.6109	3.7104e-11	0.9172	5.1236e-12	0.0089	0.0089
0.00095	0.00145	0.0008	9.1021e-14	2.0863	2.0312e-11	0.6839	6.8883e-12	0.0089	0.0089
0.00095	0.0026	0.002	2.1624e-13	1.5968	4.8108e-11	0.94947	5.0553e-12	0.0089	0.0089
0.0019	0.003	0.00135	1.5763e-13	1.4485	3.5051e-11	0.9309	4.3721e-12	0.0089	0.0089
0.0011	0.0031	0.0022	5.5378e-13	1.6203	1.2324e-10	0.96706	1.0313e-11	0.0089	0.0089
0.00105	0.00205	0.00125	2.6151e-13	1.7165	5.8236e-11	0.93077	7.2717e-12	0.0089	0.0089
0.00105	0.00285	0.00205	2.337e-13	1.5862	5.2018e-11	0.9588	4.8996e-12	0.0089	0.0089
0.00075	0.00265	0.00215	2.2233e-13	1.6555	4.9509e-11	0.93799	5.8165e-12	0.0089	0.0089
0.00095	0.00185	0.0011	1.5069e-13	1.8767	3.3566e-11	0.8146	7.5975e-12	0.0089	0.0089
0.0008	0.00265	0.002	8.3337e-14	1.559	1.8554e-11	0.85736	3.541e-12	0.0089	0.0089
0.00185	0.00385	0.00225	3.7548e-13	1.4366	8.3571e-11	0.97434	6.1369e-12	0.0089	0.0089
0.0015	0.0039	0.0026	1.275e-13	1.4228	2.8356e-11	0.92427	3.7228e-12	0.0089	0.0089
0.001	0.002	0.00125	8.6795e-14	1.7392	1.9313e-11	0.81232	4.4077e-12	0.0089	0.0089
0.0012	0.0023	0.00125	1.3382e-13	1.7085	2.9827e-11	0.84351	6.0375e-12	0.0089	0.0089
0.0009	0.0021	0.00155	2.3225e-13	1.7494	5.1717e-11	0.89859	8.0278e-12	0.0089	0.0089
0.0015	0.00345	0.0022	3.485e-13	1.3557	7.7509e-11	0.94217	8.7639e-12	0.0089	0.0089
0.0011	0.0031	0.0022	3.7744e-13	1.5463	8.4007e-11	0.97766	5.7413e-12	0.0089	0.0089
0.0012	0.00255	0.00155	2.184e-13	1.6383	4.861e-11	0.94646	5.2706e-12	0.0089	0.0089
0.0018	0.00355	0.0021	1.4021e-13	1.3224	3.1266e-11	0.86846	5.6738e-12	0.0089	0.0089
0.00095	0.0038	0.00305	4.7347e-13	1.4528	1.0531e-10	0.99408	3.6598e-12	0.0089	0.0089
0.00145	0.0033	0.00205	9.3105e-14	1.6248	2.0725e-11	0.87799	3.5919e-12	0.0089	0.0089
0.0009	0.0014	0.0008	1.5011e-13	2.0085	3.3461e-11	0.79109	8.2245e-12	0.0089	0.0089
0.00075	0.0014	0.001	1.5651e-13	1.9188	3.4841e-11	0.83027	7.4352e-12	0.0089	0.0089
0.0017	0.0036	0.0021	4.0288e-13	1.4857	8.973e-11	0.97054	7.0811e-12	0.0089	0.0089
0.0011	0.00395	0.00305	4.6007e-13	1.4828	1.0236e-10	0.98993	4.6531e-12	0.0089	0.0089
0.0018	0.00215	0.00065	1.2809e-13	1.6096	2.8504e-11	0.88511	4.7642e-12	0.0089	0.0089
0.0033	0.0032	0.00055	9.5108e-14	1.4814	2.1148e-11	0.84095	4.3258e-12	0.0089	0.0089
0.0011	0.00325	0.00225	1.758e-13	1.5457	3.9046e-11	0.92476	5.1078e-12	0.0089	0.0089
0.00115	0.0023	0.00145	2.3141e-13	1.5268	5.156e-11	0.95191	5.2753e-12	0.0089	0.0089
0.0014	0.00335	0.00215	5.0478e-13	1.5591	1.1238e-10	0.97237	8.5767e-12	0.0089	0.0089
0.00115	0.0031	0.00215	1.4954e-13	1.545	3.3286e-11	0.91734	4.5918e-12	0.0089	0.0089
0.00085	0.0016	0.00115	1.4247e-13	1.8964	3.1716e-11	0.82744	6.8424e-12	0.0089	0.0089
0.00175	0.0027	0.001	1.1708e-13	1.6063	2.6096e-11	0.82209	5.7453e-12	0.0089	0.0089
0.00215	0.00395	0.002	6.2784e-13	1.4812	1.3964e-10	0.9898	6.3886e-12	0.0089	0.0089
0.0011	0.0043	0.0034	1.411e-13	1.447	3.1431e-11	0.93875	3.6679e-12	0.0089	0.0089
0.00175	0.0043	0.0028	2.0039e-13	1.3735	4.4599e-11	0.94606	4.855e-12	0.0089	0.0089
0.00075	0.00205	0.0016	1.4409e-13	1.8195	3.2108e-11	0.87577	5.626e-12	0.0089	0.0089
0.0007	0.00095	0.00065	1.1244e-13	2.2789	2.5008e-11	0.65256	9.2311e-12	0.0089	0.0089
0.001	0.0024	0.0016	1.1077e-13	1.7971	2.4681e-11	0.74481	7.0292e-12	0.0089	0.0089
0.00135	0.00305	0.00195	1.3939e-13	1.4624	3.102e-11	0.91803	4.2592e-12	0.0089	0.0089
0.0009	0.0017	0.00105	8.3248e-14	1.7758	1.8601e-11	0.77052	4.8916e-12	0.0089	0.0089
0.00115	0.0013	0.00045	8.2639e-14	1.8235	1.8341e-11	0.74639	5.1986e-12	0.0089	0.0089
0.00105	0.00275	0.00205	1.542e-13	1.5486	3.4317e-11	0.95174	3.5179e-12	0.0089	0.0089
0.00075	0.0015	0.0011	1.0095e-13	1.6839	2.2459e-11	0.87513	3.9477e-12	0.0089	0.0089
0.0013	0.00245	0.0014	1.6962e-13	1.7206	3.7739e-11	0.87593	6.6075e-12	0.0089	0.0089
0.0014	0.004	0.00285	5.2494e-13	1.4739	1.168e-10	0.99232	4.6296e-12	0.0089	0.0089
0.00085	0.00265	0.00205	1.716e-13	1.602	3.8204e-11	0.95247	3.8843e-12	0.0089	0.0089
0.0009	0.0032	0.0025	2.5228e-13	1.5961	5.6137e-11	0.95295	5.6767e-12	0.0089	0.0089
0.00225	0.0056	0.0036	2.7085e-13	1.268	6.0208e-11	0.91495	8.4423e-12	0.0089	0.0089
0.0009	0.00185	0.0014	1.3792e-13	1.6741	3.0708e-11	0.9191	4.1849e-12	0.0089	0.0089
0.0008	0.0012	0.0008	1.1801e-13	2.0147	2.6268e-11	0.7561	7.2276e-12	0.0089	0.0089
0.00105	0.0023	0.0015	2.0116e-13	1.6793	4.479e-11	0.91157	6.4216e-12	0.0089	0.0089
0.0007	0.0016	0.0012	1.022e-13	1.7947	2.2703e-11	0.70947	7.169e-12	0.0089	0.0089
0.0014	0.0031	0.00185	1.2768e-13	1.6427	2.8381e-11	0.89366	4.5303e-12	0.0089	0.0089
0.0007	0.0019	0.0015	8.1009e-14	1.8475	1.8062e-11	0.79732	4.3464e-12	0.0089	0.0089
0.00135	0.00415	0.0031	1.3861e-13	1.4023	3.0877e-11	0.94752	3.3119e-12	0.0089	0.0089
0.00305	0.0055	0.0028	1.5448e-13	1.2777	3.4304e-11	0.87254	6.1059e-12	0.0089	0.0089
0.00085	0.00215	0.00145	8.2281e-14	1.6324	1.8291e-11	0.67691	6.3226e-12	0.0089	0.0089
0.0006	0.0017	0.0014	1.1816e-13	1.8436	2.6321e-11	0.80058	6.2626e-12	0.0089	0.0089
0.001	0.00165	0.001	1.5345e-13	2.0116	3.4203e-11	0.79861	8.1938e-12	0.0089	0.0089
0.00105	0.00345	0.00245	1.4186e-13	1.5813	3.1603e-11	0.88725	5.2232e-12	0.0089	0.0089
0.0024	0.00365	0.00145	1.4297e-13	1.4889	3.1757e-11	0.92205	4.2379e-12	0.0089	0.0089
0.0013	0.0031	0.002	2.3427e-13	1.4827	5.2148e-11	0.9722	3.9928e-12	0.0089	0.0089
0.0012	0.0018	0.00075	1.4452e-13	1.7695	3.2158e-11	0.79451	7.8134e-12	0.0089	0.0089
0.00065	0.00175	0.00135	1.5792e-13	1.7567	3.5177e-11	0.87814	6.0921e-12	0.0059	0.0089
0.0019	0.0027	0.0011	9.3185e-14	1.5692	2.0776e-11	0.86255	3.8742e-12	0.0089	0.0089
0.0009	0.0025	0.0019	1.3619e-13	1.6102	3.0352e-11	0.90799	4.4522e-12	0.0089	0.0089
0.0008	0.00165	0.0012	6.6402e-14	1.6822	2.4739e-11	0.83707	6.7146e-12	0.0089	0.0034
0.00085	0.0026	0.00205	1.5922e-13	1.4249	3.5386e-11	0.90588	5.2593e-12	0.0089	0.0089
0.0028	0.002	0.0003	7.4005e-14	1.644	1.6475e-11	0.76076	4.4681e-12	0.0089	0.0089
0.0012	0.00435	0.0034	2.112e-13	1.4325	4.6946e-11	0.95704	4.5213e-12	0.0089	0.0089
0.00085	0.00155	0.00105	1.4181e-13	1.7253	3.1524e-11	0.87538	5.5342e-12	0.0089	0.0089
0.0008	0.00215	0.0017	2.9397e-13	1.6555	6.5455e-11	0.9551	6.4548e-12	0.0089	0.0089
0.0008	0.002	0.0015	3.312e-13	1.8989	7.3791e-11	0.85287	1.436e-11	0.0089	0.0089
0.00125	0.00415	0.0031	5.7764e-13	1.3193	1.4617e-10	0.98734	7.9733e-12	0.0089	0.00635
0.0007	0.00265	0.0022	1.8786e-13	1.617	4.1816e-11	0.95056	4.3427e-12	0.0089	0.0089
0.0008	0.0063	0.00605	1.1319e-13	1.0029	2.5188e-11	0.74276	7.2178e-12	0.0089	0.0089
0.001	0.00145	0.0007	1.4707e-13	1.8792	3.2703e-11	0.8353	6.8424e-12	0.0089	0.0089
0.00145	0.00245	0.0011	8.7529e-14	1.638	1.9484e-11	0.75743	5.3392e-12	0.0089	0.0089
0.001	0.0024	0.0017	2.1602e-13	1.6237	4.8079e-11	0.95793	4.5789e-12	0.0089	0.0089
0.00095	0.00315	0.00245	5.5539e-13	1.5789	1.2361e-10	0.98214	7.5271e-12	0.0089	0.0089
0.00095	0.0027	0.002	3.4477e-13	1.6826	7.6765e-11	0.9386	8.9701e-12	0.0089	0.0089
0.0012	0.00475	0.0038	1.6173e-13	1.2823	3.5976e-11	0.91182	5.1499e-12	0.0089	0.0089
0.00085	0.0047	0.00435	1.0226e-13	1.3174	2.2655e-11	0.82749	4.8865e-12	0.0089	0.0089
0.0013	0.0041	0.003	5.4132e-13	1.4734	1.2043e-10	0.97102	9.4229e-12	0.0089	0.0089
0.00085	0.00115	0.0007	1.1045e-13	1.82	2.4627e-11	0.83546	5.1496e-12	0.0089	0.0089
0.0008	0.0016	0.00115	2.6129e-13	1.8084	5.8203e-11	0.8745	1.0262e-11	0.0089	0.0089
0.00095	0.00165	0.001	8.0923e-14	1.8078	1.8045e-11	0.77266	4.713e-12	0.0089	0.0089
0.0011	0.0042	0.0034	1.2481e-13	1.4536	2.7749e-11	0.92195	3.7055e-12	0.0089	0.0089
0.0006	0.00175	0.00145	9.1084e-14	1.8803	2.0359e-11	0.77917	5.2064e-12	0.0089	0.0089
0.00075	0.002	0.0015	1.9131e-13	1.8304	4.2659e-11	0.84559	8.5613e-12	0.0089	0.0089
0.0018	0.00215	0.0005	1.0435e-13	1.7669	2.3214e-11	0.74041	6.6991e-12	0.0089	0.0089
0.00105	0.00255	0.00175	1.4937e-13	1.5637	3.3282e-11	0.93811	3.906e-12	0.0089	0.0089
0.00085	0.0031	0.0024	1.4456e-13	1.5703	3.2177e-11	0.90217	4.8909e-12	0.0089	0.0089
0.00105	0.00185	0.00105	1.3412e-13	1.9232	2.9882e-11	0.8002	7.1194e-12	0.0089	0.0089
0.00155	0.00225	0.0008	6.735e-14	1.4139	3.4048e-11	0.96689	4.0229e-12	0.0089	0.0024
0.001	0.00135	0.00065	1.009e-13	2.0926	2.2474e-11	0.73437	6.603e-12	0.0089	0.0089
