NaN
0.4695
0.48695
0.3888
0.4162
0.08735
0.008
0.20935
1.1188
0.2243
0.1458
1.1815
0.5628
0.83505
0.16155
0.39725
0.4494
0.3363
0.29465
0.1942
0.318
0.11805
0.0145
0.0311
0.1116
0.44035
0.1889
NaN
0.5063
0.4832
0.2733
0.08855
0.1786
0.1616
0.0195
0.78425
0.1185
0.67695
1.1128
0.37285
0.42515
0.05485
0.41265
0.10585
0.1148
0.05045
0.6527
0.36105
0.4788
0.4788
0.3863
0.0444
0.06
0.1423
0.1478
0.13445
0.1733
0.2647
0.2967
0.02025
0.10025
NaN
0.0508
0.3289
0.2931
0.25935
0.48325
0.10855
0.39025
0.21615
0.17165
0.2526
0.55305
0.09385
0.66025
0.0383
0.226
0.1409
0.24055
0.191
0.20085
0.18785
0.47685
0.09975
0.25435
0.0331
0.02255
0.5481
0.0254
0.57225
0.2483
0.0391
0.13085
0.06875
0.2266
0.05705
0.05385
0.3162
0.3729
0.0554
0.00995
0.2069
0.66605
0.3855
NaN
