4.1113e-11
1.8275e-11
1.6685e-11
6.8804e-11
4.8824e-11
4.6245e-11
1.0041e-10
4.2131e-11
3.7104e-11
2.0312e-11
4.8108e-11
3.5051e-11
1.2324e-10
5.8236e-11
5.2018e-11
4.9509e-11
3.3566e-11
1.8554e-11
8.3571e-11
2.8356e-11
1.9313e-11
2.9827e-11
5.1717e-11
7.7509e-11
8.4007e-11
4.861e-11
3.1266e-11
1.0531e-10
2.0725e-11
3.3461e-11
3.4841e-11
8.973e-11
1.0236e-10
2.8504e-11
2.1148e-11
3.9046e-11
5.156e-11
1.1238e-10
3.3286e-11
3.1716e-11
2.6096e-11
1.3964e-10
3.1431e-11
4.4599e-11
3.2108e-11
2.5008e-11
2.4681e-11
3.102e-11
1.8601e-11
1.8341e-11
3.4317e-11
2.2459e-11
3.7739e-11
1.168e-10
3.8204e-11
5.6137e-11
6.0208e-11
3.0708e-11
2.6268e-11
4.479e-11
2.2703e-11
2.8381e-11
1.8062e-11
3.0877e-11
3.4304e-11
1.8291e-11
2.6321e-11
3.4203e-11
3.1603e-11
3.1757e-11
5.2148e-11
3.2158e-11
3.5177e-11
2.0776e-11
3.0352e-11
2.4739e-11
3.5386e-11
1.6475e-11
4.6946e-11
3.1524e-11
6.5455e-11
7.3791e-11
1.4617e-10
4.1816e-11
2.5188e-11
3.2703e-11
1.9484e-11
4.8079e-11
1.2361e-10
7.6765e-11
3.5976e-11
2.2655e-11
1.2043e-10
2.4627e-11
5.8203e-11
1.8045e-11
2.7749e-11
2.0359e-11
4.2659e-11
2.3214e-11
3.3282e-11
3.2177e-11
2.9882e-11
3.4048e-11
2.2474e-11
