   0.0000000e+00	  -9.0295561e-13	
   5.0000000e-05	  -8.3112250e-13	
   1.0000000e-04	  -9.7896786e-13	
   1.5000000e-04	  -1.1999996e-12	
   2.0000000e-04	  -1.1452101e-12	
   2.5000000e-04	  -1.1205819e-12	
   3.0000000e-04	  -1.2596651e-12	
   3.5000000e-04	  -1.1918039e-12	
   4.0000000e-04	  -1.0043097e-12	
   4.5000000e-04	  -7.4038602e-13	
   5.0000000e-04	  -6.5209903e-13	
   5.5000000e-04	  -6.1862581e-13	
   6.0000000e-04	  -9.0562226e-13	
   6.5000000e-04	  -1.1277158e-12	
   7.0000000e-04	  -1.2598328e-12	
   7.5000000e-04	  -1.0044815e-12	
   8.0000000e-04	  -1.0117800e-12	
   8.5000000e-04	  -8.8516260e-13	
   9.0000000e-04	  -9.1915711e-13	
   9.5000000e-04	  -8.0777225e-13	
   1.0000000e-03	  -7.0391262e-13	
   1.0500000e-03	  -6.6852773e-13	
   1.1000000e-03	  -7.8511004e-13	
   1.1500000e-03	  -9.4167924e-13	
   1.2000000e-03	  -1.0419576e-12	
   1.2500000e-03	  -8.7650059e-13	
   1.3000000e-03	  -9.2828135e-13	
   1.3500000e-03	  -9.9063509e-13	
   1.4000000e-03	  -8.4902614e-13	
   1.4500000e-03	  -8.5385561e-13	
   1.5000000e-03	  -8.7042179e-13	
   1.5500000e-03	  -9.8211153e-13	
   1.6000000e-03	  -1.0323290e-12	
   1.6500000e-03	  -9.8208377e-13	
   1.7000000e-03	  -1.0992881e-12	
   1.7500000e-03	  -9.3102018e-13	
   1.8000000e-03	  -1.0540085e-12	
   1.8500000e-03	  -9.9215753e-13	
   1.9000000e-03	  -9.2453562e-13	
   1.9500000e-03	  -8.5060341e-13	
   2.0000000e-03	  -8.9104451e-13	
   2.0500000e-03	  -8.8751833e-13	
   2.1000000e-03	  -6.6496114e-13	
   2.1500000e-03	  -6.7524458e-13	
   2.2000000e-03	  -8.7092616e-13	
   2.2500000e-03	  -7.4617396e-13	
   2.3000000e-03	  -9.1460777e-13	
   2.3500000e-03	  -9.1517722e-13	
   2.4000000e-03	  -6.6924257e-13	
   2.4500000e-03	  -6.9134526e-13	
   2.5000000e-03	  -8.0637321e-13	
   2.5500000e-03	  -9.6962266e-13	
   2.6000000e-03	  -9.7223168e-13	
   2.6500000e-03	  -8.9029389e-13	
   2.7000000e-03	  -8.1946711e-13	
   2.7500000e-03	  -6.7852614e-13	
   2.8000000e-03	  -5.7694322e-13	
   2.8500000e-03	  -5.2852243e-13	
   2.9000000e-03	  -6.1745129e-13	
   2.9500000e-03	  -5.7064379e-13	
   3.0000000e-03	  -6.5153514e-13	
   3.0500000e-03	  -6.4893609e-13	
   3.1000000e-03	  -6.7429471e-13	
   3.1500000e-03	  -7.8764848e-13	
   3.2000000e-03	  -8.4593790e-13	
   3.2500000e-03	  -6.4277186e-13	
   3.3000000e-03	  -6.0565637e-13	
   3.3500000e-03	  -6.8828927e-13	
   3.4000000e-03	  -8.5777002e-13	
   3.4500000e-03	  -9.4720168e-13	
   3.5000000e-03	  -1.0510282e-12	
   3.5500000e-03	  -1.0430346e-12	
   3.6000000e-03	  -1.1004977e-12	
   3.6500000e-03	  -1.0640013e-12	
   3.7000000e-03	  -1.0951704e-12	
   3.7500000e-03	  -1.1019432e-12	
   3.8000000e-03	  -1.0586006e-12	
   3.8500000e-03	  -1.0317865e-12	
   3.9000000e-03	  -9.8369609e-13	
   3.9500000e-03	  -8.3261848e-13	
   4.0000000e-03	  -9.1710927e-13	
   4.0500000e-03	  -8.5972990e-13	
   4.1000000e-03	  -8.7108445e-13	
   4.1500000e-03	  -7.5803133e-13	
   4.2000000e-03	  -6.5895466e-13	
   4.2500000e-03	  -6.0910435e-13	
   4.3000000e-03	  -5.4474047e-13	
   4.3500000e-03	  -4.3629813e-13	
   4.4000000e-03	  -5.5805447e-13	
   4.4500000e-03	  -6.0168277e-13	
   4.5000000e-03	  -7.7452029e-13	
   4.5500000e-03	  -8.6986069e-13	
   4.6000000e-03	  -1.0317832e-12	
   4.6500000e-03	  -1.1236628e-12	
   4.7000000e-03	  -1.2060184e-12	
   4.7500000e-03	  -1.1747318e-12	
   4.8000000e-03	  -1.1181004e-12	
   4.8500000e-03	  -1.0230337e-12	
   4.9000000e-03	  -9.6720527e-13	
   4.9500000e-03	  -1.0052215e-12	
   5.0000000e-03	  -8.2873931e-13	
   5.0500000e-03	  -8.6763756e-13	
   5.1000000e-03	  -5.1593571e-13	
   5.1500000e-03	  -5.7443544e-13	
   5.2000000e-03	  -6.3621211e-13	
   5.2500000e-03	  -5.6499445e-13	
   5.3000000e-03	  -4.4807907e-13	
   5.3500000e-03	  -2.9967890e-13	
   5.4000000e-03	  -3.1009863e-13	
   5.4500000e-03	  -4.0004718e-13	
   5.5000000e-03	  -3.7484729e-13	
   5.5500000e-03	  -4.2026538e-13	
   5.6000000e-03	  -6.0086777e-13	
   5.6500000e-03	  -7.5227758e-13	
   5.7000000e-03	  -8.1268152e-13	
   5.7500000e-03	  -8.3051740e-13	
   5.8000000e-03	  -7.1352445e-13	
   5.8500000e-03	  -8.2286088e-13	
   5.9000000e-03	  -9.6962705e-13	
   5.9500000e-03	  -9.8206686e-13	
   6.0000000e-03	  -9.0885578e-13	
   6.0500000e-03	  -7.8295443e-13	
   6.1000000e-03	  -7.4154517e-13	
   6.1500000e-03	  -6.2401272e-13	
   6.2000000e-03	  -6.3282387e-13	
   6.2500000e-03	  -5.6433758e-13	
   6.3000000e-03	  -5.0740792e-13	
   6.3500000e-03	  -3.9757274e-13	
   6.4000000e-03	  -4.6380689e-13	
   6.4500000e-03	  -5.2186467e-13	
   6.5000000e-03	  -6.2003961e-13	
   6.5500000e-03	  -5.4378895e-13	
   6.6000000e-03	  -4.9239725e-13	
   6.6500000e-03	  -6.6961410e-13	
   6.7000000e-03	  -8.1488679e-13	
   6.7500000e-03	  -7.1899214e-13	
   6.8000000e-03	  -7.0049717e-13	
   6.8500000e-03	  -7.1272635e-13	
   6.9000000e-03	  -6.9544804e-13	
   6.9500000e-03	  -6.4331006e-13	
   7.0000000e-03	  -6.3198752e-13	
   7.0500000e-03	  -6.4084794e-13	
   7.1000000e-03	  -5.6034105e-13	
   7.1500000e-03	  -6.2230722e-13	
   7.2000000e-03	  -7.2041507e-13	
   7.2500000e-03	  -7.1886551e-13	
   7.3000000e-03	  -8.0227437e-13	
   7.3500000e-03	  -5.4298406e-13	
   7.4000000e-03	  -6.7683706e-13	
   7.4500000e-03	  -7.6762511e-13	
   7.5000000e-03	  -7.6775424e-13	
   7.5500000e-03	  -7.2261424e-13	
   7.6000000e-03	  -7.5511895e-13	
   7.6500000e-03	  -7.3665336e-13	
   7.7000000e-03	  -7.8009897e-13	
   7.7500000e-03	  -8.0594515e-13	
   7.8000000e-03	  -7.8338291e-13	
   7.8500000e-03	  -8.5835072e-13	
   7.9000000e-03	  -7.3313577e-13	
   7.9500000e-03	  -7.2247839e-13	
   8.0000000e-03	  -7.5733940e-13	
   8.0500000e-03	  -7.1507644e-13	
   8.1000000e-03	  -8.2538165e-13	
   8.1500000e-03	  -9.4606614e-13	
   8.2000000e-03	  -9.2920599e-13	
   8.2500000e-03	  -1.0058114e-12	
   8.3000000e-03	  -9.7995418e-13	
   8.3500000e-03	  -9.0882944e-13	
   8.4000000e-03	  -8.5109792e-13	
   8.4500000e-03	  -8.9940105e-13	
   8.5000000e-03	  -8.0380334e-13	
   8.5500000e-03	  -8.1695761e-13	
   8.6000000e-03	  -8.6570123e-13	
   8.6500000e-03	  -7.2092346e-13	
   8.7000000e-03	  -6.1518412e-13	
   8.7500000e-03	  -6.3969685e-13	
   8.8000000e-03	  -7.6675602e-13	
   8.8500000e-03	  -9.4370106e-13	
   8.9000000e-03	  -9.6321323e-13	
   8.9500000e-03	  -9.7356129e-13	
   9.0000000e-03	  -1.0336948e-12	
   9.0500000e-03	  -1.0074060e-12	
   9.1000000e-03	  -1.1123940e-12	
   9.1500000e-03	  -1.0722907e-12	
   9.2000000e-03	  -1.0301092e-12	
   9.2500000e-03	  -9.9484792e-13	
   9.3000000e-03	  -1.0445516e-12	
   9.3500000e-03	  -9.2674956e-13	
   9.4000000e-03	  -8.4602253e-13	
   9.4500000e-03	  -8.6409612e-13	
   9.5000000e-03	  -7.8109622e-13	
   9.5500000e-03	  -7.4769141e-13	
   9.6000000e-03	  -8.4258859e-13	
   9.6500000e-03	  -9.4789974e-13	
   9.7000000e-03	  -8.9561171e-13	
   9.7500000e-03	  -9.8006087e-13	
   9.8000000e-03	  -1.1902147e-12	
   9.8500000e-03	  -1.4117505e-12	
   9.9000000e-03	  -1.5605681e-12	
   9.9500000e-03	  -1.8639607e-12	
   1.0000000e-02	  -2.1373832e-12	
   1.0050000e-02	  -2.3698560e-12	
   1.0100000e-02	  -2.8525771e-12	
   1.0150000e-02	  -3.3249175e-12	
   1.0200000e-02	  -3.6756287e-12	
   1.0250000e-02	  -4.3434834e-12	
   1.0300000e-02	  -4.6999899e-12	
   1.0350000e-02	  -4.7264900e-12	
   1.0400000e-02	  -5.2977948e-12	
   1.0450000e-02	  -5.7543125e-12	
   1.0500000e-02	  -5.8547186e-12	
   1.0550000e-02	  -5.9319732e-12	
   1.0600000e-02	  -6.3012351e-12	
   1.0650000e-02	  -6.4424172e-12	
   1.0700000e-02	  -6.6978108e-12	
   1.0750000e-02	  -7.1697626e-12	
   1.0800000e-02	  -7.6445495e-12	
   1.0850000e-02	  -8.3840731e-12	
   1.0900000e-02	  -8.5230395e-12	
   1.0950000e-02	  -8.8231020e-12	
   1.1000000e-02	  -9.0646032e-12	
   1.1050000e-02	  -9.3111812e-12	
   1.1100000e-02	  -9.1942495e-12	
   1.1150000e-02	  -9.1806077e-12	
   1.1200000e-02	  -9.2188106e-12	
   1.1250000e-02	  -8.8644274e-12	
   1.1300000e-02	  -9.0570444e-12	
   1.1350000e-02	  -8.9717975e-12	
   1.1400000e-02	  -9.0334892e-12	
   1.1450000e-02	  -9.0706262e-12	
   1.1500000e-02	  -9.2371874e-12	
   1.1550000e-02	  -9.6847938e-12	
   1.1600000e-02	  -9.4575437e-12	
   1.1650000e-02	  -9.6462144e-12	
   1.1700000e-02	  -9.4831278e-12	
   1.1750000e-02	  -9.3127210e-12	
   1.1800000e-02	  -9.2218503e-12	
   1.1850000e-02	  -9.5004053e-12	
   1.1900000e-02	  -9.8013117e-12	
   1.1950000e-02	  -9.8243377e-12	
   1.2000000e-02	  -1.0189703e-11	
   1.2050000e-02	  -9.7848865e-12	
   1.2100000e-02	  -9.5754654e-12	
   1.2150000e-02	  -9.6789894e-12	
   1.2200000e-02	  -9.9314482e-12	
   1.2250000e-02	  -1.0192055e-11	
   1.2300000e-02	  -1.0147309e-11	
   1.2350000e-02	  -1.0233657e-11	
   1.2400000e-02	  -1.0100794e-11	
   1.2450000e-02	  -1.0076937e-11	
   1.2500000e-02	  -9.9495551e-12	
   1.2550000e-02	  -1.0097381e-11	
   1.2600000e-02	  -1.0136544e-11	
   1.2650000e-02	  -1.0229078e-11	
   1.2700000e-02	  -1.0284423e-11	
   1.2750000e-02	  -1.0126302e-11	
   1.2800000e-02	  -1.0128569e-11	
   1.2850000e-02	  -1.0033074e-11	
   1.2900000e-02	  -1.0091998e-11	
   1.2950000e-02	  -1.0101546e-11	
   1.3000000e-02	  -1.0028091e-11	
   1.3050000e-02	  -9.9247990e-12	
   1.3100000e-02	  -9.6743050e-12	
   1.3150000e-02	  -9.5760877e-12	
   1.3200000e-02	  -9.6223285e-12	
   1.3250000e-02	  -9.5929076e-12	
   1.3300000e-02	  -9.3977699e-12	
   1.3350000e-02	  -9.3110775e-12	
   1.3400000e-02	  -9.4585429e-12	
   1.3450000e-02	  -9.5679428e-12	
   1.3500000e-02	  -9.7900117e-12	
   1.3550000e-02	  -9.3741143e-12	
   1.3600000e-02	  -9.4986219e-12	
   1.3650000e-02	  -9.1067362e-12	
   1.3700000e-02	  -9.1703962e-12	
   1.3750000e-02	  -8.9843783e-12	
   1.3800000e-02	  -8.8626146e-12	
   1.3850000e-02	  -8.7996372e-12	
   1.3900000e-02	  -9.0528206e-12	
   1.3950000e-02	  -8.9515040e-12	
   1.4000000e-02	  -8.9384073e-12	
   1.4050000e-02	  -8.8186585e-12	
   1.4100000e-02	  -8.8332605e-12	
   1.4150000e-02	  -8.8184590e-12	
   1.4200000e-02	  -9.0152183e-12	
   1.4250000e-02	  -9.1646820e-12	
   1.4300000e-02	  -9.2440630e-12	
   1.4350000e-02	  -9.2307125e-12	
   1.4400000e-02	  -9.1048133e-12	
   1.4450000e-02	  -8.8909778e-12	
   1.4500000e-02	  -8.8141781e-12	
   1.4550000e-02	  -8.8752530e-12	
   1.4600000e-02	  -8.9952672e-12	
   1.4650000e-02	  -8.9844425e-12	
   1.4700000e-02	  -8.9256636e-12	
   1.4750000e-02	  -8.4491906e-12	
   1.4800000e-02	  -8.3477440e-12	
   1.4850000e-02	  -8.3821609e-12	
   1.4900000e-02	  -8.5231037e-12	
   1.4950000e-02	  -8.7012962e-12	
   1.5000000e-02	  -8.4168571e-12	
   1.5050000e-02	  -8.5621003e-12	
   1.5100000e-02	  -8.9815512e-12	
   1.5150000e-02	  -8.7651965e-12	
   1.5200000e-02	  -8.6318310e-12	
   1.5250000e-02	  -8.4481215e-12	
   1.5300000e-02	  -8.6324537e-12	
   1.5350000e-02	  -8.8380549e-12	
   1.5400000e-02	  -8.8852632e-12	
   1.5450000e-02	  -8.4528409e-12	
   1.5500000e-02	  -8.0252940e-12	
   1.5550000e-02	  -7.9601516e-12	
   1.5600000e-02	  -7.7751117e-12	
   1.5650000e-02	  -7.6823764e-12	
   1.5700000e-02	  -7.7669945e-12	
   1.5750000e-02	  -7.5345693e-12	
   1.5800000e-02	  -7.4937296e-12	
   1.5850000e-02	  -7.7999846e-12	
   1.5900000e-02	  -8.0536021e-12	
   1.5950000e-02	  -7.9491431e-12	
   1.6000000e-02	  -7.7634027e-12	
   1.6050000e-02	  -7.4820636e-12	
   1.6100000e-02	  -7.3078368e-12	
   1.6150000e-02	  -7.2074172e-12	
   1.6200000e-02	  -7.2307319e-12	
   1.6250000e-02	  -7.0518929e-12	
   1.6300000e-02	  -7.1896716e-12	
   1.6350000e-02	  -7.0253811e-12	
   1.6400000e-02	  -6.9454277e-12	
   1.6450000e-02	  -6.8489675e-12	
   1.6500000e-02	  -6.9138046e-12	
   1.6550000e-02	  -7.0448205e-12	
   1.6600000e-02	  -7.0530265e-12	
   1.6650000e-02	  -7.1139778e-12	
   1.6700000e-02	  -7.0334502e-12	
   1.6750000e-02	  -6.9973402e-12	
   1.6800000e-02	  -6.8912584e-12	
   1.6850000e-02	  -6.9284986e-12	
   1.6900000e-02	  -6.9556353e-12	
   1.6950000e-02	  -7.1488904e-12	
   1.7000000e-02	  -7.1566620e-12	
   1.7050000e-02	  -7.1437366e-12	
   1.7100000e-02	  -6.9390947e-12	
   1.7150000e-02	  -6.8519977e-12	
   1.7200000e-02	  -6.7718212e-12	
   1.7250000e-02	  -6.9502895e-12	
   1.7300000e-02	  -6.9931378e-12	
   1.7350000e-02	  -6.8264379e-12	
   1.7400000e-02	  -6.6776680e-12	
   1.7450000e-02	  -6.5685886e-12	
   1.7500000e-02	  -6.4069713e-12	
   1.7550000e-02	  -6.3340574e-12	
   1.7600000e-02	  -6.2839551e-12	
   1.7650000e-02	  -6.3489622e-12	
   1.7700000e-02	  -6.3474911e-12	
   1.7750000e-02	  -6.3275349e-12	
   1.7800000e-02	  -6.2144059e-12	
   1.7850000e-02	  -6.0815324e-12	
   1.7900000e-02	  -6.2456865e-12	
   1.7950000e-02	  -6.4051069e-12	
   1.8000000e-02	  -6.4241472e-12	
   1.8050000e-02	  -6.3054922e-12	
   1.8100000e-02	  -6.3228405e-12	
   1.8150000e-02	  -6.2416775e-12	
   1.8200000e-02	  -5.9249423e-12	
   1.8250000e-02	  -6.1344241e-12	
   1.8300000e-02	  -5.7100969e-12	
   1.8350000e-02	  -5.8592114e-12	
   1.8400000e-02	  -5.7796639e-12	
   1.8450000e-02	  -6.0589462e-12	
   1.8500000e-02	  -6.0286351e-12	
   1.8550000e-02	  -6.0983044e-12	
   1.8600000e-02	  -6.0041668e-12	
   1.8650000e-02	  -5.9380131e-12	
   1.8700000e-02	  -5.8979861e-12	
   1.8750000e-02	  -5.7395295e-12	
   1.8800000e-02	  -5.5878995e-12	
   1.8850000e-02	  -5.5933742e-12	
   1.8900000e-02	  -5.4062128e-12	
   1.8950000e-02	  -5.4673618e-12	
   1.9000000e-02	  -5.2034618e-12	
   1.9050000e-02	  -5.2308845e-12	
   1.9100000e-02	  -5.4388448e-12	
   1.9150000e-02	  -5.4068512e-12	
   1.9200000e-02	  -5.2262371e-12	
   1.9250000e-02	  -5.0136610e-12	
   1.9300000e-02	  -4.9967289e-12	
   1.9350000e-02	  -5.0418341e-12	
   1.9400000e-02	  -4.6982512e-12	
   1.9450000e-02	  -4.5315548e-12	
   1.9500000e-02	  -4.6277765e-12	
   1.9550000e-02	  -4.8712557e-12	
   1.9600000e-02	  -5.0710318e-12	
   1.9650000e-02	  -4.9600205e-12	
   1.9700000e-02	  -5.0340383e-12	
   1.9750000e-02	  -5.1560678e-12	
   1.9800000e-02	  -4.8828836e-12	
   1.9850000e-02	  -5.0062792e-12	
   1.9900000e-02	  -4.8836386e-12	
   1.9950000e-02	  -4.7350908e-12	
   2.0000000e-02	  -4.6602618e-12	
   2.0050000e-02	  -4.5778277e-12	
   2.0100000e-02	  -4.4435143e-12	
   2.0150000e-02	  -4.3737646e-12	
   2.0200000e-02	  -4.1361091e-12	
   2.0250000e-02	  -4.2661026e-12	
   2.0300000e-02	  -4.2265887e-12	
   2.0350000e-02	  -4.2023503e-12	
   2.0400000e-02	  -4.0540878e-12	
   2.0450000e-02	  -4.1372157e-12	
   2.0500000e-02	  -4.2520410e-12	
   2.0550000e-02	  -4.0331688e-12	
   2.0600000e-02	  -4.0497388e-12	
   2.0650000e-02	  -4.1407493e-12	
   2.0700000e-02	  -4.2752429e-12	
   2.0750000e-02	  -4.4547660e-12	
   2.0800000e-02	  -4.4851553e-12	
   2.0850000e-02	  -4.3354246e-12	
   2.0900000e-02	  -4.3201254e-12	
   2.0950000e-02	  -4.3306240e-12	
   2.1000000e-02	  -4.3236976e-12	
   2.1050000e-02	  -4.3277257e-12	
   2.1100000e-02	  -4.2683058e-12	
   2.1150000e-02	  -4.1837623e-12	
   2.1200000e-02	  -4.1780030e-12	
   2.1250000e-02	  -4.1500362e-12	
   2.1300000e-02	  -4.2396867e-12	
   2.1350000e-02	  -4.2632949e-12	
   2.1400000e-02	  -4.2397310e-12	
   2.1450000e-02	  -4.1761726e-12	
   2.1500000e-02	  -4.3213220e-12	
   2.1550000e-02	  -4.3183116e-12	
   2.1600000e-02	  -4.2160323e-12	
   2.1650000e-02	  -4.1624547e-12	
   2.1700000e-02	  -4.1004535e-12	
   2.1750000e-02	  -4.0694653e-12	
   2.1800000e-02	  -3.9877442e-12	
   2.1850000e-02	  -4.0974856e-12	
   2.1900000e-02	  -3.9230906e-12	
   2.1950000e-02	  -3.8107304e-12	
   2.2000000e-02	  -4.0442658e-12	
   2.2050000e-02	  -4.1858669e-12	
   2.2100000e-02	  -4.2503154e-12	
   2.2150000e-02	  -4.0324384e-12	
   2.2200000e-02	  -3.8971161e-12	
   2.2250000e-02	  -3.9589278e-12	
   2.2300000e-02	  -3.9571514e-12	
   2.2350000e-02	  -3.8599514e-12	
   2.2400000e-02	  -3.7260260e-12	
   2.2450000e-02	  -3.7016288e-12	
   2.2500000e-02	  -3.6310187e-12	
   2.2550000e-02	  -3.5151669e-12	
   2.2600000e-02	  -3.3356716e-12	
   2.2650000e-02	  -3.3476867e-12	
   2.2700000e-02	  -3.1553685e-12	
   2.2750000e-02	  -3.0657733e-12	
   2.2800000e-02	  -3.1009396e-12	
   2.2850000e-02	  -3.1514353e-12	
   2.2900000e-02	  -3.1462584e-12	
   2.2950000e-02	  -3.0801941e-12	
   2.3000000e-02	  -3.0469984e-12	
   2.3050000e-02	  -2.9926530e-12	
   2.3100000e-02	  -3.0363093e-12	
   2.3150000e-02	  -3.1376171e-12	
   2.3200000e-02	  -3.1626249e-12	
   2.3250000e-02	  -3.1141110e-12	
   2.3300000e-02	  -2.9858774e-12	
   2.3350000e-02	  -2.8160965e-12	
   2.3400000e-02	  -2.8079184e-12	
   2.3450000e-02	  -2.9792410e-12	
   2.3500000e-02	  -2.8929493e-12	
   2.3550000e-02	  -2.8483457e-12	
   2.3600000e-02	  -2.7978462e-12	
   2.3650000e-02	  -2.8901109e-12	
   2.3700000e-02	  -2.9631299e-12	
   2.3750000e-02	  -2.9412141e-12	
   2.3800000e-02	  -3.0119653e-12	
   2.3850000e-02	  -2.8959730e-12	
   2.3900000e-02	  -2.9194426e-12	
   2.3950000e-02	  -2.7192971e-12	
   2.4000000e-02	  -2.6305199e-12	
   2.4050000e-02	  -2.6580240e-12	
   2.4100000e-02	  -2.7215136e-12	
   2.4150000e-02	  -2.7795573e-12	
   2.4200000e-02	  -2.8383436e-12	
   2.4250000e-02	  -2.8726028e-12	
   2.4300000e-02	  -2.7582511e-12	
   2.4350000e-02	  -2.7379595e-12	
   2.4400000e-02	  -2.7724606e-12	
   2.4450000e-02	  -2.7366208e-12	
   2.4500000e-02	  -2.8471218e-12	
   2.4550000e-02	  -2.6875581e-12	
   2.4600000e-02	  -2.6922362e-12	
   2.4650000e-02	  -2.6084495e-12	
   2.4700000e-02	  -2.7011553e-12	
   2.4750000e-02	  -2.6626670e-12	
   2.4800000e-02	  -2.8546801e-12	
   2.4850000e-02	  -2.7198434e-12	
   2.4900000e-02	  -2.4793566e-12	
   2.4950000e-02	  -2.3615064e-12	
   2.5000000e-02	  -2.3975830e-12	
   2.5050000e-02	  -2.3113840e-12	
   2.5100000e-02	  -2.3445065e-12	
   2.5150000e-02	  -2.3102301e-12	
   2.5200000e-02	  -2.3789122e-12	
   2.5250000e-02	  -2.4655616e-12	
   2.5300000e-02	  -2.5830556e-12	
   2.5350000e-02	  -2.5993058e-12	
   2.5400000e-02	  -2.4723257e-12	
   2.5450000e-02	  -2.3874054e-12	
   2.5500000e-02	  -2.4792776e-12	
   2.5550000e-02	  -2.4637827e-12	
   2.5600000e-02	  -2.3094341e-12	
   2.5650000e-02	  -2.5119260e-12	
   2.5700000e-02	  -2.5151457e-12	
   2.5750000e-02	  -2.5332423e-12	
   2.5800000e-02	  -2.6237133e-12	
   2.5850000e-02	  -2.6875859e-12	
   2.5900000e-02	  -2.6474963e-12	
   2.5950000e-02	  -2.5359779e-12	
   2.6000000e-02	  -2.4683498e-12	
   2.6050000e-02	  -2.5512903e-12	
   2.6100000e-02	  -2.5125501e-12	
   2.6150000e-02	  -2.3930410e-12	
   2.6200000e-02	  -2.1297238e-12	
   2.6250000e-02	  -2.1696945e-12	
   2.6300000e-02	  -2.2885123e-12	
   2.6350000e-02	  -2.3160219e-12	
   2.6400000e-02	  -2.3181522e-12	
   2.6450000e-02	  -2.2431688e-12	
   2.6500000e-02	  -2.2421036e-12	
   2.6550000e-02	  -2.1710524e-12	
   2.6600000e-02	  -2.3726117e-12	
   2.6650000e-02	  -2.2905959e-12	
   2.6700000e-02	  -2.4458833e-12	
   2.6750000e-02	  -2.5340494e-12	
   2.6800000e-02	  -2.3072737e-12	
   2.6850000e-02	  -2.2198992e-12	
   2.6900000e-02	  -2.1996667e-12	
   2.6950000e-02	  -2.1847185e-12	
   2.7000000e-02	  -2.0478250e-12	
   2.7050000e-02	  -1.9832604e-12	
   2.7100000e-02	  -2.0361716e-12	
   2.7150000e-02	  -2.0535431e-12	
   2.7200000e-02	  -1.9821224e-12	
   2.7250000e-02	  -2.0782537e-12	
   2.7300000e-02	  -1.9436215e-12	
   2.7350000e-02	  -2.0698096e-12	
   2.7400000e-02	  -2.2920390e-12	
   2.7450000e-02	  -2.1736432e-12	
   2.7500000e-02	  -2.3797561e-12	
   2.7550000e-02	  -2.5964977e-12	
   2.7600000e-02	  -2.4244237e-12	
   2.7650000e-02	  -2.1360114e-12	
   2.7700000e-02	  -1.9868534e-12	
   2.7750000e-02	  -2.0321539e-12	
   2.7800000e-02	  -1.9804039e-12	
   2.7850000e-02	  -2.0825112e-12	
   2.7900000e-02	  -2.1569430e-12	
   2.7950000e-02	  -2.1522970e-12	
   2.8000000e-02	  -2.1889626e-12	
   2.8050000e-02	  -2.0987665e-12	
   2.8100000e-02	  -2.1880839e-12	
   2.8150000e-02	  -2.0498577e-12	
   2.8200000e-02	  -2.0808841e-12	
   2.8250000e-02	  -2.0897910e-12	
   2.8300000e-02	  -2.0037253e-12	
   2.8350000e-02	  -1.7714849e-12	
   2.8400000e-02	  -1.7022513e-12	
   2.8450000e-02	  -1.6807160e-12	
   2.8500000e-02	  -1.6049033e-12	
   2.8550000e-02	  -1.6096681e-12	
   2.8600000e-02	  -1.6900474e-12	
   2.8650000e-02	  -1.7546799e-12	
   2.8700000e-02	  -1.7721844e-12	
   2.8750000e-02	  -1.7340829e-12	
   2.8800000e-02	  -1.6752342e-12	
   2.8850000e-02	  -1.7041079e-12	
   2.8900000e-02	  -1.8211244e-12	
   2.8950000e-02	  -1.7736225e-12	
   2.9000000e-02	  -1.7335041e-12	
   2.9050000e-02	  -1.9560135e-12	
   2.9100000e-02	  -1.9277949e-12	
   2.9150000e-02	  -1.9111953e-12	
   2.9200000e-02	  -1.9825782e-12	
   2.9250000e-02	  -1.8562335e-12	
   2.9300000e-02	  -1.9148827e-12	
   2.9350000e-02	  -1.7239829e-12	
   2.9400000e-02	  -1.8292806e-12	
   2.9450000e-02	  -1.9208572e-12	
   2.9500000e-02	  -1.9976114e-12	
   2.9550000e-02	  -2.0917483e-12	
   2.9600000e-02	  -2.0775929e-12	
   2.9650000e-02	  -2.1709787e-12	
   2.9700000e-02	  -2.1041519e-12	
   2.9750000e-02	  -2.3063628e-12	
   2.9800000e-02	  -2.2316953e-12	
   2.9850000e-02	  -2.1873588e-12	
   2.9900000e-02	  -2.1357224e-12	
   2.9950000e-02	  -2.0560021e-12	
   3.0000000e-02	  -2.0133504e-12	
   3.0050000e-02	  -2.0583814e-12	
   3.0100000e-02	  -1.9423353e-12	
   3.0150000e-02	  -1.8973290e-12	
   3.0200000e-02	  -1.9366535e-12	
   3.0250000e-02	  -1.8666576e-12	
   3.0300000e-02	  -1.9832920e-12	
   3.0350000e-02	  -1.9178444e-12	
   3.0400000e-02	  -1.7266624e-12	
   3.0450000e-02	  -1.6599395e-12	
   3.0500000e-02	  -1.7846410e-12	
   3.0550000e-02	  -1.6469113e-12	
   3.0600000e-02	  -1.6042853e-12	
   3.0650000e-02	  -1.6770326e-12	
   3.0700000e-02	  -1.7126088e-12	
   3.0750000e-02	  -1.8975047e-12	
   3.0800000e-02	  -1.8715546e-12	
   3.0850000e-02	  -1.9751833e-12	
   3.0900000e-02	  -2.0571548e-12	
   3.0950000e-02	  -2.0371879e-12	
   3.1000000e-02	  -2.2086183e-12	
   3.1050000e-02	  -2.3864070e-12	
   3.1100000e-02	  -2.4240091e-12	
   3.1150000e-02	  -2.3171483e-12	
   3.1200000e-02	  -2.2464845e-12	
   3.1250000e-02	  -2.2272297e-12	
   3.1300000e-02	  -2.2111794e-12	
   3.1350000e-02	  -2.1993518e-12	
   3.1400000e-02	  -2.0432083e-12	
   3.1450000e-02	  -2.1913064e-12	
   3.1500000e-02	  -2.2120292e-12	
   3.1550000e-02	  -2.0734592e-12	
   3.1600000e-02	  -2.0081497e-12	
   3.1650000e-02	  -1.9808161e-12	
   3.1700000e-02	  -2.0554175e-12	
   3.1750000e-02	  -1.9261598e-12	
   3.1800000e-02	  -1.9839481e-12	
   3.1850000e-02	  -1.9769316e-12	
   3.1900000e-02	  -1.9279566e-12	
   3.1950000e-02	  -1.9960238e-12	
   3.2000000e-02	  -2.0689197e-12	
   3.2050000e-02	  -2.1338204e-12	
   3.2100000e-02	  -2.0932908e-12	
   3.2150000e-02	  -2.2154154e-12	
   3.2200000e-02	  -2.3199428e-12	
   3.2250000e-02	  -2.3820321e-12	
   3.2300000e-02	  -2.3806784e-12	
   3.2350000e-02	  -2.3173616e-12	
   3.2400000e-02	  -2.2189126e-12	
   3.2450000e-02	  -2.1728548e-12	
   3.2500000e-02	  -2.0844620e-12	
   3.2550000e-02	  -1.9772153e-12	
   3.2600000e-02	  -1.9086271e-12	
   3.2650000e-02	  -1.8955743e-12	
   3.2700000e-02	  -2.0001815e-12	
   3.2750000e-02	  -1.9098117e-12	
   3.2800000e-02	  -2.1211834e-12	
   3.2850000e-02	  -2.1455242e-12	
   3.2900000e-02	  -2.0358611e-12	
   3.2950000e-02	  -2.1349502e-12	
   3.3000000e-02	  -2.1539697e-12	
   3.3050000e-02	  -2.2296618e-12	
   3.3100000e-02	  -2.1935127e-12	
   3.3150000e-02	  -2.1626608e-12	
   3.3200000e-02	  -2.3036789e-12	
   3.3250000e-02	  -2.2607133e-12	
   3.3300000e-02	  -2.3406008e-12	
   3.3350000e-02	  -2.2529669e-12	
   3.3400000e-02	  -2.4670049e-12	
   3.3450000e-02	  -2.5506238e-12	
   3.3500000e-02	  -2.3938666e-12	
   3.3550000e-02	  -2.3177809e-12	
   3.3600000e-02	  -2.1601523e-12	
   3.3650000e-02	  -2.3346273e-12	
   3.3700000e-02	  -2.4672712e-12	
   3.3750000e-02	  -2.2366761e-12	
   3.3800000e-02	  -1.9678356e-12	
   3.3850000e-02	  -1.8585905e-12	
   3.3900000e-02	  -1.8638797e-12	
   3.3950000e-02	  -1.8326253e-12	
   3.4000000e-02	  -1.8030379e-12	
   3.4050000e-02	  -1.8470227e-12	
   3.4100000e-02	  -1.9464987e-12	
   3.4150000e-02	  -1.8546258e-12	
   3.4200000e-02	  -1.8710146e-12	
   3.4250000e-02	  -1.8771746e-12	
   3.4300000e-02	  -1.9739229e-12	
   3.4350000e-02	  -1.9410326e-12	
   3.4400000e-02	  -1.9908276e-12	
   3.4450000e-02	  -1.8589316e-12	
   3.4500000e-02	  -1.9405607e-12	
   3.4550000e-02	  -1.9916310e-12	
   3.4600000e-02	  -2.0997284e-12	
   3.4650000e-02	  -2.3703291e-12	
   3.4700000e-02	  -2.2645332e-12	
   3.4750000e-02	  -2.0946426e-12	
   3.4800000e-02	  -2.0495136e-12	
   3.4850000e-02	  -1.9012110e-12	
   3.4900000e-02	  -2.0421291e-12	
   3.4950000e-02	  -2.0944123e-12	
   3.5000000e-02	  -2.2930607e-12	
   3.5050000e-02	  -2.3136831e-12	
   3.5100000e-02	  -2.1644208e-12	
   3.5150000e-02	  -1.9756829e-12	
   3.5200000e-02	  -1.9527159e-12	
   3.5250000e-02	  -1.8975359e-12	
   3.5300000e-02	  -2.0880433e-12	
   3.5350000e-02	  -2.0176215e-12	
   3.5400000e-02	  -2.0184264e-12	
   3.5450000e-02	  -2.1313142e-12	
   3.5500000e-02	  -1.9192876e-12	
   3.5550000e-02	  -1.7770191e-12	
   3.5600000e-02	  -1.5785569e-12	
   3.5650000e-02	  -1.4659836e-12	
   3.5700000e-02	  -1.4317652e-12	
   3.5750000e-02	  -1.5283359e-12	
   3.5800000e-02	  -1.6284413e-12	
   3.5850000e-02	  -1.6663922e-12	
   3.5900000e-02	  -1.6629505e-12	
   3.5950000e-02	  -1.5802638e-12	
   3.6000000e-02	  -1.6793346e-12	
   3.6050000e-02	  -1.7262337e-12	
   3.6100000e-02	  -1.7922298e-12	
   3.6150000e-02	  -1.7898309e-12	
   3.6200000e-02	  -1.7106158e-12	
   3.6250000e-02	  -1.5690623e-12	
   3.6300000e-02	  -1.7353024e-12	
   3.6350000e-02	  -1.6429484e-12	
   3.6400000e-02	  -1.8995656e-12	
   3.6450000e-02	  -2.0828096e-12	
   3.6500000e-02	  -1.8729482e-12	
   3.6550000e-02	  -1.9904784e-12	
   3.6600000e-02	  -1.9711752e-12	
   3.6650000e-02	  -2.0735933e-12	
   3.6700000e-02	  -1.9620265e-12	
   3.6750000e-02	  -1.9719608e-12	
   3.6800000e-02	  -2.2809541e-12	
   3.6850000e-02	  -2.1997960e-12	
   3.6900000e-02	  -2.0531371e-12	
   3.6950000e-02	  -1.9237650e-12	
   3.7000000e-02	  -1.8429685e-12	
   3.7050000e-02	  -1.7844502e-12	
   3.7100000e-02	  -1.8872664e-12	
   3.7150000e-02	  -1.9013640e-12	
   3.7200000e-02	  -1.8373874e-12	
   3.7250000e-02	  -1.8102013e-12	
   3.7300000e-02	  -1.7796632e-12	
   3.7350000e-02	  -1.9289857e-12	
   3.7400000e-02	  -1.9458862e-12	
   3.7450000e-02	  -2.0576570e-12	
   3.7500000e-02	  -1.9470632e-12	
   3.7550000e-02	  -1.8724293e-12	
   3.7600000e-02	  -1.7982386e-12	
   3.7650000e-02	  -1.6441119e-12	
   3.7700000e-02	  -1.5873137e-12	
   3.7750000e-02	  -1.5983542e-12	
   3.7800000e-02	  -1.6269618e-12	
   3.7850000e-02	  -1.5369836e-12	
   3.7900000e-02	  -1.7662356e-12	
   3.7950000e-02	  -1.6025887e-12	
   3.8000000e-02	  -1.7313130e-12	
   3.8050000e-02	  -1.6456654e-12	
   3.8100000e-02	  -1.6485680e-12	
   3.8150000e-02	  -1.6187615e-12	
   3.8200000e-02	  -1.8334201e-12	
   3.8250000e-02	  -1.8271544e-12	
   3.8300000e-02	  -1.6321159e-12	
   3.8350000e-02	  -1.6056028e-12	
   3.8400000e-02	  -1.5638944e-12	
   3.8450000e-02	  -1.6621166e-12	
   3.8500000e-02	  -1.6065820e-12	
   3.8550000e-02	  -1.4889734e-12	
   3.8600000e-02	  -1.2987627e-12	
   3.8650000e-02	  -1.1802274e-12	
   3.8700000e-02	  -1.1302556e-12	
   3.8750000e-02	  -1.1940306e-12	
   3.8800000e-02	  -1.0810935e-12	
   3.8850000e-02	  -1.1662471e-12	
   3.8900000e-02	  -1.2287133e-12	
   3.8950000e-02	  -1.2759152e-12	
   3.9000000e-02	  -1.2685427e-12	
   3.9050000e-02	  -1.3098985e-12	
   3.9100000e-02	  -1.3352479e-12	
   3.9150000e-02	  -1.5174947e-12	
   3.9200000e-02	  -1.4196986e-12	
   3.9250000e-02	  -1.5178433e-12	
   3.9300000e-02	  -1.6142218e-12	
   3.9350000e-02	  -1.7331544e-12	
   3.9400000e-02	  -1.7148635e-12	
   3.9450000e-02	  -1.5493570e-12	
   3.9500000e-02	  -1.4280594e-12	
   3.9550000e-02	  -1.6227647e-12	
   3.9600000e-02	  -1.6666186e-12	
   3.9650000e-02	  -1.5866969e-12	
   3.9700000e-02	  -1.4429894e-12	
   3.9750000e-02	  -1.5805351e-12	
   3.9800000e-02	  -1.5094056e-12	
   3.9850000e-02	  -1.4706734e-12	
   3.9900000e-02	  -1.3418678e-12	
   3.9950000e-02	  -1.5563592e-12	
   4.0000000e-02	  -1.3280930e-12	
   4.0050000e-02	  -1.2736539e-12	
   4.0100000e-02	  -1.1168497e-12	
   4.0150000e-02	  -1.3511278e-12	
   4.0200000e-02	  -1.1280082e-12	
   4.0250000e-02	  -1.0360014e-12	
   4.0300000e-02	  -1.0515235e-12	
   4.0350000e-02	  -1.1894964e-12	
   4.0400000e-02	  -1.1667573e-12	
   4.0450000e-02	  -1.3645990e-12	
   4.0500000e-02	  -1.4879725e-12	
   4.0550000e-02	  -1.5004001e-12	
   4.0600000e-02	  -1.3720114e-12	
   4.0650000e-02	  -1.2655462e-12	
   4.0700000e-02	  -1.2618630e-12	
   4.0750000e-02	  -9.5788389e-13	
   4.0800000e-02	  -8.8602931e-13	
   4.0850000e-02	  -9.7465195e-13	
   4.0900000e-02	  -9.5067205e-13	
   4.0950000e-02	  -9.8470039e-13	
   4.1000000e-02	  -1.0149540e-12	
   4.1050000e-02	  -8.1903316e-13	
   4.1100000e-02	  -7.1242686e-13	
   4.1150000e-02	  -7.8536960e-13	
   4.1200000e-02	  -7.0455100e-13	
   4.1250000e-02	  -7.3417395e-13	
   4.1300000e-02	  -1.0769055e-12	
   4.1350000e-02	  -1.2495040e-12	
   4.1400000e-02	  -1.0704010e-12	
   4.1450000e-02	  -1.1840022e-12	
   4.1500000e-02	  -1.0333171e-12	
   4.1550000e-02	  -9.8962987e-13	
   4.1600000e-02	  -9.2465965e-13	
   4.1650000e-02	  -1.0817523e-12	
   4.1700000e-02	  -1.2142928e-12	
   4.1750000e-02	  -1.0738228e-12	
   4.1800000e-02	  -1.3193771e-12	
   4.1850000e-02	  -1.3103091e-12	
   4.1900000e-02	  -1.2095238e-12	
   4.1950000e-02	  -1.0794260e-12	
   4.2000000e-02	  -1.0919924e-12	
   4.2050000e-02	  -1.0965444e-12	
   4.2100000e-02	  -1.1159090e-12	
   4.2150000e-02	  -1.0011497e-12	
   4.2200000e-02	  -9.9077029e-13	
   4.2250000e-02	  -1.1598850e-12	
   4.2300000e-02	  -1.1027854e-12	
   4.2350000e-02	  -1.2465003e-12	
   4.2400000e-02	  -1.3192551e-12	
   4.2450000e-02	  -1.3285931e-12	
   4.2500000e-02	  -1.2855246e-12	
   4.2550000e-02	  -1.0586506e-12	
   4.2600000e-02	  -9.3963802e-13	
   4.2650000e-02	  -8.1906780e-13	
   4.2700000e-02	  -6.8850557e-13	
   4.2750000e-02	  -4.8102321e-13	
   4.2800000e-02	  -4.6132022e-13	
   4.2850000e-02	  -6.0435066e-13	
   4.2900000e-02	  -7.4479388e-13	
   4.2950000e-02	  -7.1941368e-13	
   4.3000000e-02	  -8.2744705e-13	
   4.3050000e-02	  -7.6869739e-13	
   4.3100000e-02	  -9.3062342e-13	
   4.3150000e-02	  -7.6460799e-13	
   4.3200000e-02	  -9.4967613e-13	
   4.3250000e-02	  -1.0292112e-12	
   4.3300000e-02	  -9.0511604e-13	
   4.3350000e-02	  -9.0234330e-13	
   4.3400000e-02	  -8.4055939e-13	
   4.3450000e-02	  -8.9833772e-13	
   4.3500000e-02	  -8.2366582e-13	
   4.3550000e-02	  -7.5078908e-13	
   4.3600000e-02	  -7.1183641e-13	
   4.3650000e-02	  -7.6318422e-13	
   4.3700000e-02	  -8.3787447e-13	
   4.3750000e-02	  -6.8354328e-13	
   4.3800000e-02	  -6.8318951e-13	
   4.3850000e-02	  -8.2721807e-13	
   4.3900000e-02	  -7.9430646e-13	
   4.3950000e-02	  -8.3542288e-13	
   4.4000000e-02	  -8.3819150e-13	
   4.4050000e-02	  -8.0568020e-13	
   4.4100000e-02	  -8.7976935e-13	
   4.4150000e-02	  -8.4756814e-13	
   4.4200000e-02	  -6.2224272e-13	
   4.4250000e-02	  -4.9978557e-13	
   4.4300000e-02	  -4.4903664e-13	
   4.4350000e-02	  -4.0504861e-13	
   4.4400000e-02	  -3.6889323e-13	
   4.4450000e-02	  -4.9791399e-13	
   4.4500000e-02	  -5.1421356e-13	
   4.4550000e-02	  -6.3996703e-13	
   4.4600000e-02	  -6.8962880e-13	
   4.4650000e-02	  -6.4978459e-13	
   4.4700000e-02	  -4.9193115e-13	
   4.4750000e-02	  -5.4088439e-13	
   4.4800000e-02	  -6.6233076e-13	
   4.4850000e-02	  -5.4146401e-13	
   4.4900000e-02	  -5.5004574e-13	
   4.4950000e-02	  -5.9115175e-13	
   4.5000000e-02	  -5.4051880e-13	
   4.5050000e-02	  -5.5685144e-13	
   4.5100000e-02	  -4.9696532e-13	
   4.5150000e-02	  -6.5383590e-13	
   4.5200000e-02	  -4.9629940e-13	
   4.5250000e-02	  -6.7450174e-13	
   4.5300000e-02	  -7.7132528e-13	
   4.5350000e-02	  -6.5884082e-13	
   4.5400000e-02	  -6.8041525e-13	
   4.5450000e-02	  -7.3489218e-13	
   4.5500000e-02	  -6.2154015e-13	
   4.5550000e-02	  -6.1981583e-13	
   4.5600000e-02	  -6.3551822e-13	
   4.5650000e-02	  -7.0809764e-13	
   4.5700000e-02	  -6.9056306e-13	
   4.5750000e-02	  -7.1124009e-13	
   4.5800000e-02	  -6.8651763e-13	
   4.5850000e-02	  -8.4735084e-13	
   4.5900000e-02	  -9.9512011e-13	
   4.5950000e-02	  -9.0492175e-13	
   4.6000000e-02	  -8.9187086e-13	
   4.6050000e-02	  -7.4222768e-13	
   4.6100000e-02	  -7.1463365e-13	
   4.6150000e-02	  -6.2635791e-13	
   4.6200000e-02	  -6.3912151e-13	
   4.6250000e-02	  -5.1620546e-13	
   4.6300000e-02	  -5.9911597e-13	
   4.6350000e-02	  -7.1737885e-13	
   4.6400000e-02	  -5.7247696e-13	
   4.6450000e-02	  -6.8035855e-13	
   4.6500000e-02	  -8.8774257e-13	
   4.6550000e-02	  -9.4283739e-13	
   4.6600000e-02	  -9.3183534e-13	
   4.6650000e-02	  -7.9580667e-13	
   4.6700000e-02	  -8.1191943e-13	
   4.6750000e-02	  -8.8945594e-13	
   4.6800000e-02	  -7.4945776e-13	
   4.6850000e-02	  -8.7235601e-13	
   4.6900000e-02	  -8.0325709e-13	
   4.6950000e-02	  -8.6319515e-13	
   4.7000000e-02	  -7.7569331e-13	
   4.7050000e-02	  -8.4779232e-13	
   4.7100000e-02	  -9.1220564e-13	
   4.7150000e-02	  -9.6740075e-13	
   4.7200000e-02	  -1.0360740e-12	
   4.7250000e-02	  -1.0410978e-12	
   4.7300000e-02	  -1.0159512e-12	
   4.7350000e-02	  -1.0679318e-12	
   4.7400000e-02	  -1.0877601e-12	
   4.7450000e-02	  -9.2268055e-13	
   4.7500000e-02	  -1.0173212e-12	
   4.7550000e-02	  -1.0525448e-12	
   4.7600000e-02	  -9.9164733e-13	
   4.7650000e-02	  -9.8495344e-13	
   4.7700000e-02	  -1.0276988e-12	
   4.7750000e-02	  -8.8553299e-13	
   4.7800000e-02	  -9.6495205e-13	
   4.7850000e-02	  -9.9897651e-13	
   4.7900000e-02	  -9.7148700e-13	
   4.7950000e-02	  -9.2341434e-13	
   4.8000000e-02	  -1.0481913e-12	
   4.8050000e-02	  -1.0613589e-12	
   4.8100000e-02	  -1.1089470e-12	
   4.8150000e-02	  -1.1419056e-12	
   4.8200000e-02	  -1.0849637e-12	
   4.8250000e-02	  -9.3636397e-13	
   4.8300000e-02	  -8.4584032e-13	
   4.8350000e-02	  -9.4301436e-13	
   4.8400000e-02	  -8.5595902e-13	
   4.8450000e-02	  -7.5780831e-13	
   4.8500000e-02	  -8.3741174e-13	
   4.8550000e-02	  -9.0229175e-13	
   4.8600000e-02	  -9.9936465e-13	
   4.8650000e-02	  -1.1117192e-12	
   4.8700000e-02	  -1.1066959e-12	
   4.8750000e-02	  -1.1626741e-12	
   4.8800000e-02	  -1.0496762e-12	
   4.8850000e-02	  -9.6996217e-13	
   4.8900000e-02	  -1.0240437e-12	
   4.8950000e-02	  -9.6127229e-13	
   4.9000000e-02	  -1.0434289e-12	
   4.9050000e-02	  -9.7993911e-13	
   4.9100000e-02	  -8.8714062e-13	
   4.9150000e-02	  -8.4416881e-13	
   4.9200000e-02	  -8.2079580e-13	
   4.9250000e-02	  -7.2449512e-13	
   4.9300000e-02	  -8.3776562e-13	
   4.9350000e-02	  -9.1309425e-13	
   4.9400000e-02	  -9.4456908e-13	
   4.9450000e-02	  -9.4406948e-13	
   4.9500000e-02	  -9.2123704e-13	
   4.9550000e-02	  -8.5434611e-13	
   4.9600000e-02	  -7.7145180e-13	
   4.9650000e-02	  -8.9499003e-13	
   4.9700000e-02	  -9.9140813e-13	
   4.9750000e-02	  -1.0902469e-12	
   4.9800000e-02	  -1.0180071e-12	
   4.9850000e-02	  -9.9809484e-13	
   4.9900000e-02	  -9.9394299e-13	
   4.9950000e-02	  -1.0674505e-12	
   5.0000000e-02	  -9.5663158e-13	
