  -2.1373832e-12	
  -1.6167431e-12	
  -1.3943653e-12	
  -1.2067961e-12	
  -9.4012662e-13	
  -1.0306253e-12	
  -8.4744210e-13	
  -3.6969856e-13	
  -4.7011491e-13	
  -4.8713098e-13	
  -1.7756884e-13	
   1.2735654e-13	
   1.1412947e-13	
   3.0438414e-13	
   3.5728585e-13	
   1.7185941e-13	
  -3.6880819e-14	
  -5.2962067e-13	
  -4.3992152e-13	
  -5.2835892e-13	
  -5.7426081e-13	
  -6.4030972e-13	
  -3.5701994e-13	
  -1.9034392e-13	
  -8.8039405e-14	
   3.9507522e-13	
   3.2012038e-13	
   5.1262549e-13	
   5.4841441e-13	
   5.9957034e-13	
   5.1266944e-13	
   1.3661348e-13	
   4.2779614e-13	
   2.9590345e-13	
   5.0904952e-13	
   7.2320794e-13	
   8.5190863e-13	
   6.0562605e-13	
   3.3177684e-13	
   3.3091510e-13	
  -1.6875465e-14	
   4.0121252e-13	
   6.1986992e-13	
   5.2180052e-13	
   2.7125265e-13	
   9.2376246e-15	
   4.9466576e-14	
  -4.4307472e-14	
   7.8405739e-14	
   8.9566808e-14	
   2.0187137e-13	
   3.6742162e-14	
  -2.1802889e-14	
  -1.3565983e-13	
  -2.1413804e-13	
  -8.0840357e-14	
  -1.0950498e-13	
  -4.1872028e-14	
  -1.3002353e-13	
  -1.7006709e-13	
  -1.2828658e-13	
  -5.7762301e-14	
   1.5894982e-13	
   2.2244594e-13	
   1.4061532e-13	
   1.3364396e-13	
   2.9164928e-13	
   3.4052775e-13	
   1.5462198e-13	
   6.2070543e-15	
  -2.5540282e-13	
   1.2047337e-13	
  -4.4492644e-14	
   3.0653794e-13	
   2.0166398e-13	
   3.4614478e-13	
   4.2608183e-13	
   4.4697446e-13	
   1.5147781e-13	
   2.1028025e-13	
   1.8068816e-13	
   2.5759788e-13	
   2.0002947e-13	
   1.7175888e-13	
  -6.8158060e-14	
  -2.6084608e-13	
  -3.8350009e-13	
  -4.1345486e-13	
  -3.3087732e-13	
  -1.6036551e-13	
  -1.2687769e-13	
  -2.3123980e-13	
  -3.9450462e-13	
  -4.2688269e-13	
  -4.1124810e-13	
   2.2148654e-14	
   8.0596460e-14	
   3.2666597e-15	
  -1.8049510e-13	
  -4.0140513e-13	
  -1.5957519e-13	
  -3.4731280e-13	
  -8.0913721e-13	
  -6.3502950e-13	
  -5.4377926e-13	
  -4.0204856e-13	
  -6.2821838e-13	
  -8.7551210e-13	
  -9.6426380e-13	
  -5.7323227e-13	
  -1.8692024e-13	
  -1.6285377e-13	
  -1.8727971e-14	
   3.3257507e-14	
  -9.1943791e-14	
   1.0006704e-13	
   1.0066321e-13	
  -2.4566285e-13	
  -5.3917719e-13	
  -4.7443943e-13	
  -3.2824344e-13	
  -8.6270499e-14	
   4.8769161e-14	
   1.1018182e-13	
   4.8040986e-14	
   1.8823533e-13	
   1.1994220e-14	
   1.3800490e-13	
   1.7986160e-13	
   2.3840848e-13	
   1.3584179e-13	
  -3.2719940e-14	
  -7.8287939e-14	
  -1.7641713e-13	
  -1.3288355e-13	
  -1.3358365e-13	
  -6.4128201e-14	
  -1.3781116e-13	
  -2.0120735e-13	
  -4.3053877e-13	
  -4.7420390e-13	
  -4.9698960e-13	
  -3.2787680e-13	
  -2.7612723e-13	
  -2.3111692e-13	
  -4.4457077e-13	
  -5.2222436e-13	
  -3.9014994e-13	
  -2.7582646e-13	
  -2.0101487e-13	
  -7.3487437e-14	
  -3.4485962e-14	
  -1.8119331e-14	
  -1.1668588e-13	
  -1.4859888e-13	
  -1.6185186e-13	
  -8.1758056e-14	
   1.8253803e-14	
  -1.7858920e-13	
  -3.7052655e-13	
  -4.2191248e-13	
  -3.3543244e-13	
  -3.8478601e-13	
  -3.3545912e-13	
  -5.0391628e-14	
  -2.9137364e-13	
   1.0162028e-13	
  -7.8661477e-14	
  -3.0115944e-14	
  -3.4023565e-13	
  -3.4059814e-13	
  -4.4077811e-13	
  -3.7698896e-13	
  -3.4102228e-13	
  -3.3102161e-13	
  -2.0243150e-13	
  -8.0508858e-14	
  -1.1553259e-13	
   4.2237263e-14	
  -4.8146508e-14	
   1.8667471e-13	
   1.3032838e-13	
  -1.0640106e-13	
  -1.0302303e-13	
   4.9128399e-14	
   2.3339386e-13	
   2.2216660e-13	
   1.4905263e-13	
   4.6477659e-13	
   6.0376294e-13	
   4.7997952e-13	
   2.0908593e-13	
  -1.7957687e-14	
   6.5931951e-14	
  -3.5062355e-14	
  -1.8392393e-13	
   6.2571940e-14	
  -8.7369142e-14	
   8.8682251e-15	
   1.3115426e-13	
   1.7986218e-13	
   2.3631510e-13	
   3.4478653e-13	
   3.8883286e-13	
   6.0092272e-13	
   4.4550061e-13	
   4.5972216e-13	
   4.5880387e-13	
   5.8204451e-13	
   4.7402890e-13	
   3.3444943e-13	
   5.2870020e-13	
   4.8764072e-13	
   3.7227211e-13	
   2.1355108e-13	
   9.9305382e-15	
  -4.4426972e-14	
   8.1464090e-14	
   7.3051540e-14	
   3.8968368e-14	
   2.2436728e-14	
  -4.9234543e-15	
   3.1289495e-14	
   9.2750531e-14	
   7.5551220e-14	
   8.0682600e-14	
  -3.1680771e-14	
  -7.7879927e-14	
  -7.6785732e-14	
  -3.5576579e-14	
  -2.0295519e-13	
  -2.2205463e-13	
  -1.4176660e-13	
  -1.1006226e-13	
  -6.9816915e-14	
  -6.0467760e-14	
  -2.6960751e-16	
  -1.3141845e-13	
   2.1684041e-14	
   1.1286602e-13	
  -1.4173394e-13	
  -3.0428657e-13	
  -3.8957404e-13	
  -1.9242427e-13	
  -7.7717872e-14	
  -1.6003478e-13	
  -1.7865360e-13	
  -1.0173927e-13	
   1.2009351e-14	
   1.6338010e-14	
   6.6987431e-14	
   1.6298559e-13	
   3.2273387e-13	
   2.9107771e-13	
   4.6386028e-13	
   5.3402478e-13	
   4.7953205e-13	
   4.0981376e-13	
   3.9587114e-13	
   4.4291866e-13	
   4.5719959e-13	
   4.9273181e-13	
   4.3036334e-13	
   3.1044375e-13	
   2.6692415e-13	
   2.9702560e-13	
   4.0694561e-13	
   5.5851118e-13	
   5.4857185e-13	
   3.5922900e-13	
   4.2759717e-13	
   4.5437355e-13	
   4.8714153e-13	
   3.7724045e-13	
   2.8667976e-13	
   2.9114802e-13	
   2.0304300e-13	
   3.0177467e-13	
   2.6113702e-13	
   4.4420664e-13	
   5.1599969e-13	
   4.7160267e-13	
   3.9131078e-13	
   3.1655498e-13	
   2.4114632e-13	
   1.9035404e-13	
   2.8826135e-13	
   2.9219688e-13	
   2.4142746e-13	
   2.6108636e-13	
   1.3449129e-13	
   2.7804741e-13	
   2.5744759e-13	
   3.2539808e-13	
   2.1694108e-13	
   2.3976272e-13	
   3.2167115e-14	
   1.5150486e-13	
   3.7657607e-13	
   4.7909335e-13	
   4.2776615e-13	
   4.9879640e-13	
   4.5058664e-13	
   4.6985678e-13	
   3.8624903e-13	
   2.8475402e-13	
   1.5249414e-13	
   1.2155739e-13	
   2.3392972e-13	
   3.0432072e-13	
   1.9799715e-13	
   1.9911840e-13	
   3.3917038e-13	
   1.2245866e-13	
   1.0509555e-13	
   7.2931383e-14	
  -3.1531628e-14	
  -1.0932109e-13	
  -8.3073632e-14	
   1.4676840e-14	
   6.8611071e-14	
  -2.7949890e-14	
  -2.7569309e-15	
   1.0327762e-13	
   3.5319255e-13	
   2.9989155e-13	
   1.6781513e-13	
   1.2711794e-13	
   1.1187099e-13	
   1.7380809e-13	
   1.6189699e-13	
   2.2004165e-13	
   5.6451021e-15	
   7.4892508e-14	
  -9.3094769e-14	
  -1.9389242e-13	
   2.0319386e-14	
   9.5197572e-14	
   1.0300081e-13	
   1.0558643e-13	
   2.3018371e-13	
   2.8251820e-13	
   2.1744252e-13	
   1.8797178e-13	
   2.4735826e-13	
   1.3925736e-13	
   2.6198422e-13	
   1.2395465e-13	
  -1.1005257e-13	
  -3.3714577e-15	
  -2.2113610e-13	
  -4.4946687e-13	
  -2.8891987e-13	
  -1.1972613e-14	
   1.2578186e-13	
   6.9139019e-14	
   1.0960764e-13	
  -3.7205452e-15	
  -8.9312897e-14	
  -9.5767608e-14	
  -1.4347424e-13	
  -6.4259937e-14	
  -1.6450023e-13	
  -3.7138193e-14	
  -7.8970466e-14	
  -9.8625265e-14	
  -2.3249720e-14	
   1.9835796e-13	
   2.5701582e-13	
   2.6803229e-13	
   3.3338254e-13	
   3.1821143e-13	
   2.2748176e-13	
   1.5255448e-13	
   1.2481038e-13	
   1.5272730e-13	
   2.0144614e-13	
   1.6249694e-13	
   3.5458994e-14	
   7.2993259e-14	
   1.0319759e-13	
  -1.2917265e-13	
  -1.1076206e-13	
  -1.0391768e-13	
  -1.8500345e-13	
  -6.8309577e-14	
  -1.3655784e-13	
   4.4794515e-14	
  -6.9999347e-14	
  -1.7102116e-13	
  -2.5716992e-13	
  -3.6065082e-13	
  -3.5578938e-13	
  -4.5841914e-13	
  -4.0078674e-13	
  -6.1214264e-13	
  -5.4657108e-13	
  -5.1128166e-13	
  -4.6864375e-13	
  -3.9787365e-13	
  -3.6412415e-13	
  -4.1800946e-13	
  -3.1077022e-13	
  -2.7452341e-13	
  -3.2256048e-13	
  -2.6123028e-13	
  -3.8648389e-13	
  -3.2960918e-13	
  -1.4695416e-13	
  -8.8712405e-14	
  -2.2184946e-13	
  -9.2510099e-14	
  -5.8229300e-14	
  -1.3927712e-13	
  -1.8310915e-13	
  -3.7621666e-13	
  -3.5843398e-13	
  -4.7018631e-13	
  -5.6023786e-13	
  -5.4830756e-13	
  -7.2773147e-13	
  -9.1347082e-13	
  -9.5898079e-13	
  -8.5998545e-13	
  -7.9714477e-13	
  -7.8567120e-13	
  -7.7736032e-13	
  -7.7323064e-13	
  -6.2474370e-13	
  -7.8045720e-13	
  -8.0875455e-13	
  -6.7771851e-13	
  -6.1990244e-13	
  -6.0002205e-13	
  -6.8203660e-13	
  -5.6015228e-13	
