  -0.0000000e+00	
  -1.0435989e-12	
  -2.0034212e-12	
  -2.8857945e-12	
  -3.6965705e-12	
  -4.4411607e-12	
  -5.1245694e-12	
  -5.7514242e-12	
  -6.3260049e-12	
  -6.8522690e-12	
  -7.3338763e-12	
  -7.7742111e-12	
  -8.1764033e-12	
  -8.5433470e-12	
  -8.8777187e-12	
  -9.1819932e-12	
  -9.4584594e-12	
  -9.7092337e-12	
  -9.9362731e-12	
  -1.0141388e-11	
  -1.0326251e-11	
  -1.0492410e-11	
  -1.0641296e-11	
  -1.0774233e-11	
  -1.0892444e-11	
  -1.0997061e-11	
  -1.1089130e-11	
  -1.1169618e-11	
  -1.1239420e-11	
  -1.1299363e-11	
  -1.1350212e-11	
  -1.1392674e-11	
  -1.1427403e-11	
  -1.1455004e-11	
  -1.1476036e-11	
  -1.1491015e-11	
  -1.1500420e-11	
  -1.1504692e-11	
  -1.1504239e-11	
  -1.1499440e-11	
  -1.1490643e-11	
  -1.1478172e-11	
  -1.1462323e-11	
  -1.1443374e-11	
  -1.1421580e-11	
  -1.1397175e-11	
  -1.1370378e-11	
  -1.1341390e-11	
  -1.1310397e-11	
  -1.1277572e-11	
  -1.1243072e-11	
  -1.1207046e-11	
  -1.1169628e-11	
  -1.1130945e-11	
  -1.1091111e-11	
  -1.1050234e-11	
  -1.1008414e-11	
  -1.0965740e-11	
  -1.0922299e-11	
  -1.0878167e-11	
  -1.0833416e-11	
  -1.0788114e-11	
  -1.0742321e-11	
  -1.0696094e-11	
  -1.0649486e-11	
  -1.0602544e-11	
  -1.0555313e-11	
  -1.0507835e-11	
  -1.0460146e-11	
  -1.0412283e-11	
  -1.0364276e-11	
  -1.0316157e-11	
  -1.0267952e-11	
  -1.0219686e-11	
  -1.0171383e-11	
  -1.0123065e-11	
  -1.0074750e-11	
  -1.0026457e-11	
  -9.9782021e-12	
  -9.9300015e-12	
  -9.8818687e-12	
  -9.8338167e-12	
  -9.7858575e-12	
  -9.7380017e-12	
  -9.6902594e-12	
  -9.6426398e-12	
  -9.5951511e-12	
  -9.5478011e-12	
  -9.5005965e-12	
  -9.4535439e-12	
  -9.4066490e-12	
  -9.3599171e-12	
  -9.3133529e-12	
  -9.2669607e-12	
  -9.2207447e-12	
  -9.1747081e-12	
  -9.1288543e-12	
  -9.0831862e-12	
  -9.0377062e-12	
  -8.9924167e-12	
  -8.9473197e-12	
  -8.9024170e-12	
  -8.8577103e-12	
  -8.8132008e-12	
  -8.7688898e-12	
  -8.7247782e-12	
  -8.6808671e-12	
  -8.6371570e-12	
  -8.5936486e-12	
  -8.5503424e-12	
  -8.5072386e-12	
  -8.4643375e-12	
  -8.4216394e-12	
  -8.3791441e-12	
  -8.3368518e-12	
  -8.2947623e-12	
  -8.2528754e-12	
  -8.2111909e-12	
  -8.1697086e-12	
  -8.1284280e-12	
  -8.0873488e-12	
  -8.0464706e-12	
  -8.0057928e-12	
  -7.9653149e-12	
  -7.9250365e-12	
  -7.8849568e-12	
  -7.8450753e-12	
  -7.8053914e-12	
  -7.7659044e-12	
  -7.7266136e-12	
  -7.6875182e-12	
  -7.6486177e-12	
  -7.6099111e-12	
  -7.5713978e-12	
  -7.5330771e-12	
  -7.4949480e-12	
  -7.4570099e-12	
  -7.4192619e-12	
  -7.3817032e-12	
  -7.3443331e-12	
  -7.3071506e-12	
  -7.2701549e-12	
  -7.2333453e-12	
  -7.1967209e-12	
  -7.1602808e-12	
  -7.1240242e-12	
  -7.0879502e-12	
  -7.0520580e-12	
  -7.0163468e-12	
  -6.9808157e-12	
  -6.9454638e-12	
  -6.9102903e-12	
  -6.8752943e-12	
  -6.8404750e-12	
  -6.8058316e-12	
  -6.7713631e-12	
  -6.7370688e-12	
  -6.7029477e-12	
  -6.6689992e-12	
  -6.6352222e-12	
  -6.6016159e-12	
  -6.5681796e-12	
  -6.5349124e-12	
  -6.5018134e-12	
  -6.4688818e-12	
  -6.4361168e-12	
  -6.4035175e-12	
  -6.3710832e-12	
  -6.3388130e-12	
  -6.3067061e-12	
  -6.2747617e-12	
  -6.2429790e-12	
  -6.2113571e-12	
  -6.1798953e-12	
  -6.1485927e-12	
  -6.1174486e-12	
  -6.0864621e-12	
  -6.0556326e-12	
  -6.0249591e-12	
  -5.9944409e-12	
  -5.9640772e-12	
  -5.9338672e-12	
  -5.9038103e-12	
  -5.8739055e-12	
  -5.8441521e-12	
  -5.8145494e-12	
  -5.7850967e-12	
  -5.7557930e-12	
  -5.7266378e-12	
  -5.6976302e-12	
  -5.6687695e-12	
  -5.6400550e-12	
  -5.6114859e-12	
  -5.5830615e-12	
  -5.5547811e-12	
  -5.5266439e-12	
  -5.4986492e-12	
  -5.4707963e-12	
  -5.4430844e-12	
  -5.4155129e-12	
  -5.3880811e-12	
  -5.3607882e-12	
  -5.3336335e-12	
  -5.3066164e-12	
  -5.2797361e-12	
  -5.2529920e-12	
  -5.2263834e-12	
  -5.1999095e-12	
  -5.1735697e-12	
  -5.1473633e-12	
  -5.1212896e-12	
  -5.0953481e-12	
  -5.0695379e-12	
  -5.0438585e-12	
  -5.0183091e-12	
  -4.9928892e-12	
  -4.9675980e-12	
  -4.9424349e-12	
  -4.9173993e-12	
  -4.8924904e-12	
  -4.8677078e-12	
  -4.8430507e-12	
  -4.8185185e-12	
  -4.7941105e-12	
  -4.7698262e-12	
  -4.7456649e-12	
  -4.7216260e-12	
  -4.6977089e-12	
  -4.6739129e-12	
  -4.6502374e-12	
  -4.6266819e-12	
  -4.6032456e-12	
  -4.5799281e-12	
  -4.5567287e-12	
  -4.5336469e-12	
  -4.5106819e-12	
  -4.4878333e-12	
  -4.4651004e-12	
  -4.4424826e-12	
  -4.4199795e-12	
  -4.3975903e-12	
  -4.3753145e-12	
  -4.3531516e-12	
  -4.3311009e-12	
  -4.3091619e-12	
  -4.2873341e-12	
  -4.2656168e-12	
  -4.2440095e-12	
  -4.2225117e-12	
  -4.2011227e-12	
  -4.1798422e-12	
  -4.1586694e-12	
  -4.1376038e-12	
  -4.1166450e-12	
  -4.0957923e-12	
  -4.0750453e-12	
  -4.0544034e-12	
  -4.0338660e-12	
  -4.0134326e-12	
  -3.9931028e-12	
  -3.9728759e-12	
  -3.9527515e-12	
  -3.9327290e-12	
  -3.9128080e-12	
  -3.8929878e-12	
  -3.8732681e-12	
  -3.8536482e-12	
  -3.8341278e-12	
  -3.8147062e-12	
  -3.7953830e-12	
  -3.7761576e-12	
  -3.7570297e-12	
  -3.7379986e-12	
  -3.7190640e-12	
  -3.7002252e-12	
  -3.6814819e-12	
  -3.6628335e-12	
  -3.6442796e-12	
  -3.6258197e-12	
  -3.6074533e-12	
  -3.5891799e-12	
  -3.5709991e-12	
  -3.5529104e-12	
  -3.5349133e-12	
  -3.5170073e-12	
  -3.4991921e-12	
  -3.4814671e-12	
  -3.4638319e-12	
  -3.4462860e-12	
  -3.4288290e-12	
  -3.4114605e-12	
  -3.3941799e-12	
  -3.3769868e-12	
  -3.3598809e-12	
  -3.3428615e-12	
  -3.3259284e-12	
  -3.3090811e-12	
  -3.2923191e-12	
  -3.2756420e-12	
  -3.2590494e-12	
  -3.2425409e-12	
  -3.2261159e-12	
  -3.2097742e-12	
  -3.1935152e-12	
  -3.1773386e-12	
  -3.1612440e-12	
  -3.1452308e-12	
  -3.1292988e-12	
  -3.1134475e-12	
  -3.0976765e-12	
  -3.0819854e-12	
  -3.0663737e-12	
  -3.0508411e-12	
  -3.0353872e-12	
  -3.0200116e-12	
  -3.0047139e-12	
  -2.9894937e-12	
  -2.9743505e-12	
  -2.9592841e-12	
  -2.9442940e-12	
  -2.9293798e-12	
  -2.9145412e-12	
  -2.8997777e-12	
  -2.8850890e-12	
  -2.8704747e-12	
  -2.8559345e-12	
  -2.8414679e-12	
  -2.8270746e-12	
  -2.8127542e-12	
  -2.7985063e-12	
  -2.7843306e-12	
  -2.7702267e-12	
  -2.7561942e-12	
  -2.7422329e-12	
  -2.7283422e-12	
  -2.7145219e-12	
  -2.7007717e-12	
  -2.6870910e-12	
  -2.6734797e-12	
  -2.6599373e-12	
  -2.6464635e-12	
  -2.6330580e-12	
  -2.6197204e-12	
  -2.6064503e-12	
  -2.5932474e-12	
  -2.5801115e-12	
  -2.5670420e-12	
  -2.5540388e-12	
  -2.5411014e-12	
  -2.5282296e-12	
  -2.5154230e-12	
  -2.5026812e-12	
  -2.4900040e-12	
  -2.4773910e-12	
  -2.4648419e-12	
  -2.4523564e-12	
  -2.4399341e-12	
  -2.4275747e-12	
  -2.4152780e-12	
  -2.4030435e-12	
  -2.3908710e-12	
  -2.3787601e-12	
  -2.3667106e-12	
  -2.3547222e-12	
  -2.3427944e-12	
  -2.3309271e-12	
  -2.3191199e-12	
  -2.3073725e-12	
  -2.2956847e-12	
  -2.2840560e-12	
  -2.2724862e-12	
  -2.2609750e-12	
  -2.2495222e-12	
  -2.2381273e-12	
  -2.2267902e-12	
  -2.2155105e-12	
  -2.2042879e-12	
  -2.1931222e-12	
  -2.1820131e-12	
  -2.1709602e-12	
  -2.1599633e-12	
  -2.1490221e-12	
  -2.1381363e-12	
  -2.1273057e-12	
  -2.1165299e-12	
  -2.1058087e-12	
  -2.0951419e-12	
  -2.0845290e-12	
  -2.0739699e-12	
  -2.0634644e-12	
  -2.0530120e-12	
  -2.0426125e-12	
  -2.0322658e-12	
  -2.0219714e-12	
  -2.0117292e-12	
  -2.0015389e-12	
  -1.9914002e-12	
  -1.9813129e-12	
  -1.9712766e-12	
  -1.9612912e-12	
  -1.9513564e-12	
  -1.9414719e-12	
  -1.9316375e-12	
  -1.9218528e-12	
  -1.9121178e-12	
  -1.9024320e-12	
  -1.8927954e-12	
  -1.8832075e-12	
  -1.8736682e-12	
  -1.8641772e-12	
  -1.8547343e-12	
  -1.8453393e-12	
  -1.8359918e-12	
  -1.8266916e-12	
  -1.8174386e-12	
  -1.8082325e-12	
  -1.7990730e-12	
  -1.7899598e-12	
  -1.7808929e-12	
  -1.7718719e-12	
  -1.7628965e-12	
  -1.7539667e-12	
  -1.7450820e-12	
  -1.7362424e-12	
  -1.7274475e-12	
  -1.7186972e-12	
  -1.7099913e-12	
  -1.7013294e-12	
  -1.6927114e-12	
  -1.6841370e-12	
  -1.6756061e-12	
  -1.6671184e-12	
  -1.6586737e-12	
  -1.6502718e-12	
  -1.6419124e-12	
  -1.6335954e-12	
